50
90
0 1 2.5 0.8
0 2 0.2 2.0
0 3 0.1 5.3
0 4 1.069 1.042
0 5 5.3 4.6
0 6 0.3 1.9
0 7 1.05 0.75
0 8 5.3 4.6
0 9 0.8 0.95
0 10 5.3 4.6
0 11 5.3 4.6
0 12 5.3 4.6
0 13 5.3 4.6
0 14 5.3 4.6
0 15 5.3 4.6
0 16 5.3 4.6
0 17 5.3 4.6
0 18 5.3 4.6
0 19 5.3 4.6
0 20 5.3 4.6
0 21 5.3 4.6
0 22 5.3 4.6
0 23 5.3 4.6
0 24 5.3 4.6
0 25 5.3 4.6
0 26 5.3 4.6
0 27 5.3 4.6
0 28 5.3 4.6
0 29 5.3 4.6
0 30 5.3 4.6
0 31 5.3 4.6
0 32 5.3 4.6
0 33 5.3 4.6
0 34 5.3 4.6
0 35 5.3 4.6
0 36 5.3 4.6
0 37 5.3 4.6
0 38 5.3 4.6
0 39 5.3 4.6
0 40 5.3 4.6
0 41 5.3 4.6
0 42 5.3 4.6
0 43 5.3 4.6
0 44 5.3 4.6
0 45 5.3 4.6
0 46 5.3 4.6
0 47 5.3 4.6
0 48 5.3 4.6
0 49 5.3 4.6
1 2 2.069 1.942
1 3 0.1 5.3
1 4 0.7 2.5
1 5 0.2 3.2
1 6 2.05 1.93
1 7 0.5 3.5
1 8 0.2 3.2
1 9 0.7 2.5
1 10 5.3 4.6
1 11 5.3 4.6
1 12 5.3 4.6
1 13 5.3 4.6
1 14 5.3 4.6
1 15 5.3 4.6
1 16 5.3 4.6
1 17 5.3 4.6
1 18 5.3 4.6
1 19 5.3 4.6
1 20 5.3 4.6
1 21 5.3 4.6
1 22 5.3 4.6
1 23 5.3 4.6
1 24 5.3 4.6
1 25 5.3 4.6
1 26 5.3 4.6
1 27 5.3 4.6
1 28 5.3 4.6
1 29 5.3 4.6
1 30 5.3 4.6
1 31 5.3 4.6
1 32 5.3 4.6
1 33 5.3 4.6
1 34 5.3 4.6
1 35 5.3 4.6
1 36 5.3 4.6
1 37 5.3 4.6
1 38 5.3 4.6
1 39 5.3 4.6
1 40 5.3 4.6
1 41 5.3 4.6
1 42 5.3 4.6
1 43 5.3 4.6
1 44 5.3 4.6
1 45 5.3 4.6
1 46 5.3 4.6
1 47 5.3 4.6
1 48 5.3 4.6
1 49 5.3 4.6
2 3 3.0 1.2
2 4 0.6 5.3
2 5 0.5 5.3
2 6 2.3 2.1
2 7 0.8 5.3
2 8 0.4 5.3
2 9 0.2 5.3
2 10 5.3 4.6
2 11 5.3 4.6
2 12 5.3 4.6
2 13 5.3 4.6
2 14 5.3 4.6
2 15 5.3 4.6
2 16 5.3 4.6
2 17 5.3 4.6
2 18 5.3 4.6
2 19 5.3 4.6
2 20 5.3 4.6
2 21 5.3 4.6
2 22 5.3 4.6
2 23 5.3 4.6
2 24 5.3 4.6
2 25 5.3 4.6
2 26 5.3 4.6
2 27 5.3 4.6
2 28 5.3 4.6
2 29 5.3 4.6
2 30 5.3 4.6
2 31 5.3 4.6
2 32 5.3 4.6
2 33 5.3 4.6
2 34 5.3 4.6
2 35 5.3 4.6
2 36 5.3 4.6
2 37 5.3 4.6
2 38 5.3 4.6
2 39 5.3 4.6
2 40 5.3 4.6
2 41 5.3 4.6
2 42 5.3 4.6
2 43 5.3 4.6
2 44 5.3 4.6
2 45 5.3 4.6
2 46 5.3 4.6
2 47 5.3 4.6
2 48 5.3 4.6
2 49 5.3 4.6
3 4 0.069 5.3
3 5 2.1 2.0
3 6 0.2 5.3
3 7 0.2 5.3
3 8 1.8 1.9
3 9 0.2 5.3
3 10 5.3 4.6
3 11 5.3 4.6
3 12 5.3 4.6
3 13 5.3 4.6
3 14 5.3 4.6
3 15 5.3 4.6
3 16 5.3 4.6
3 17 5.3 4.6
3 18 5.3 4.6
3 19 5.3 4.6
3 20 5.3 4.6
3 21 5.3 4.6
3 22 5.3 4.6
3 23 5.3 4.6
3 24 5.3 4.6
3 25 5.3 4.6
3 26 5.3 4.6
3 27 5.3 4.6
3 28 5.3 4.6
3 29 5.3 4.6
3 30 5.3 4.6
3 31 5.3 4.6
3 32 5.3 4.6
3 33 5.3 4.6
3 34 5.3 4.6
3 35 5.3 4.6
3 36 5.3 4.6
3 37 5.3 4.6
3 38 5.3 4.6
3 39 5.3 4.6
3 40 5.3 4.6
3 41 5.3 4.6
3 42 5.3 4.6
3 43 5.3 4.6
3 44 5.3 4.6
3 45 5.3 4.6
3 46 5.3 4.6
3 47 5.3 4.6
3 48 5.3 4.6
3 49 5.3 4.6
4 5 5.3 4.6
4 6 5.3 4.6
4 7 1.05 0.98
4 8 5.3 4.6
4 9 1.15 1.2
4 10 5.3 4.6
4 11 5.3 4.6
4 12 5.3 4.6
4 13 5.3 4.6
4 14 5.3 4.6
4 15 5.3 4.6
4 16 5.3 4.6
4 17 5.3 4.6
4 18 5.3 4.6
4 19 5.3 4.6
4 20 5.3 4.6
4 21 5.3 4.6
4 22 5.3 4.6
4 23 5.3 4.6
4 24 5.3 4.6
4 25 5.3 4.6
4 26 5.3 4.6
4 27 5.3 4.6
4 28 5.3 4.6
4 29 5.3 4.6
4 30 5.3 4.6
4 31 5.3 4.6
4 32 5.3 4.6
4 33 5.3 4.6
4 34 5.3 4.6
4 35 5.3 4.6
4 36 5.3 4.6
4 37 5.3 4.6
4 38 5.3 4.6
4 39 5.3 4.6
4 40 5.3 4.6
4 41 5.3 4.6
4 42 5.3 4.6
4 43 5.3 4.6
4 44 5.3 4.6
4 45 5.3 4.6
4 46 5.3 4.6
4 47 5.3 4.6
4 48 5.3 4.6
4 49 5.3 4.6
5 6 5.3 4.6
5 7 5.3 4.6
5 8 2.05 2.03
5 9 5.3 4.6
5 10 5.3 4.6
5 11 5.3 4.6
5 12 5.3 4.6
5 13 5.3 4.6
5 14 5.3 4.6
5 15 5.3 4.6
5 16 5.3 4.6
5 17 5.3 4.6
5 18 5.3 4.6
5 19 5.3 4.6
5 20 5.3 4.6
5 21 5.3 4.6
5 22 5.3 4.6
5 23 5.3 4.6
5 24 5.3 4.6
5 25 5.3 4.6
5 26 5.3 4.6
5 27 5.3 4.6
5 28 5.3 4.6
5 29 5.3 4.6
5 30 5.3 4.6
5 31 5.3 4.6
5 32 5.3 4.6
5 33 5.3 4.6
5 34 5.3 4.6
5 35 5.3 4.6
5 36 5.3 4.6
5 37 5.3 4.6
5 38 5.3 4.6
5 39 5.3 4.6
5 40 5.3 4.6
5 41 5.3 4.6
5 42 5.3 4.6
5 43 5.3 4.6
5 44 5.3 4.6
5 45 5.3 4.6
5 46 5.3 4.6
5 47 5.3 4.6
5 48 5.3 4.6
5 49 5.3 4.6
6 7 5.3 4.6
6 8 5.3 4.6
6 9 5.3 4.6
6 10 5.3 4.6
6 11 5.3 4.6
6 12 5.3 4.6
6 13 5.3 4.6
6 14 5.3 4.6
6 15 5.3 4.6
6 16 5.3 4.6
6 17 5.3 4.6
6 18 5.3 4.6
6 19 5.3 4.6
6 20 5.3 4.6
6 21 5.3 4.6
6 22 5.3 4.6
6 23 5.3 4.6
6 24 5.3 4.6
6 25 5.3 4.6
6 26 5.3 4.6
6 27 5.3 4.6
6 28 5.3 4.6
6 29 5.3 4.6
6 30 5.3 4.6
6 31 5.3 4.6
6 32 5.3 4.6
6 33 5.3 4.6
6 34 5.3 4.6
6 35 5.3 4.6
6 36 5.3 4.6
6 37 5.3 4.6
6 38 5.3 4.6
6 39 5.3 4.6
6 40 5.3 4.6
6 41 5.3 4.6
6 42 5.3 4.6
6 43 5.3 4.6
6 44 5.3 4.6
6 45 5.3 4.6
6 46 5.3 4.6
6 47 5.3 4.6
6 48 5.3 4.6
6 49 5.3 4.6
7 8 5.3 4.6
7 9 1.0 1.05
7 10 5.3 4.6
7 11 5.3 4.6
7 12 5.3 4.6
7 13 5.3 4.6
7 14 5.3 4.6
7 15 5.3 4.6
7 16 5.3 4.6
7 17 5.3 4.6
7 18 5.3 4.6
7 19 5.3 4.6
7 20 5.3 4.6
7 21 5.3 4.6
7 22 5.3 4.6
7 23 5.3 4.6
7 24 5.3 4.6
7 25 5.3 4.6
7 26 5.3 4.6
7 27 5.3 4.6
7 28 5.3 4.6
7 29 5.3 4.6
7 30 5.3 4.6
7 31 5.3 4.6
7 32 5.3 4.6
7 33 5.3 4.6
7 34 5.3 4.6
7 35 5.3 4.6
7 36 5.3 4.6
7 37 5.3 4.6
7 38 5.3 4.6
7 39 5.3 4.6
7 40 5.3 4.6
7 41 5.3 4.6
7 42 5.3 4.6
7 43 5.3 4.6
7 44 5.3 4.6
7 45 5.3 4.6
7 46 5.3 4.6
7 47 5.3 4.6
7 48 5.3 4.6
7 49 5.3 4.6
8 9 5.3 4.6
8 10 5.3 4.6
8 11 5.3 4.6
8 12 5.3 4.6
8 13 5.3 4.6
8 14 5.3 4.6
8 15 5.3 4.6
8 16 5.3 4.6
8 17 5.3 4.6
8 18 5.3 4.6
8 19 5.3 4.6
8 20 5.3 4.6
8 21 5.3 4.6
8 22 5.3 4.6
8 23 5.3 4.6
8 24 5.3 4.6
8 25 5.3 4.6
8 26 5.3 4.6
8 27 5.3 4.6
8 28 5.3 4.6
8 29 5.3 4.6
8 30 5.3 4.6
8 31 5.3 4.6
8 32 5.3 4.6
8 33 5.3 4.6
8 34 5.3 4.6
8 35 5.3 4.6
8 36 5.3 4.6
8 37 5.3 4.6
8 38 5.3 4.6
8 39 5.3 4.6
8 40 5.3 4.6
8 41 5.3 4.6
8 42 5.3 4.6
8 43 5.3 4.6
8 44 5.3 4.6
8 45 5.3 4.6
8 46 5.3 4.6
8 47 5.3 4.6
8 48 5.3 4.6
8 49 5.3 4.6
9 10 5.3 4.6
9 11 5.3 4.6
9 12 5.3 4.6
9 13 5.3 4.6
9 14 5.3 4.6
9 15 5.3 4.6
9 16 5.3 4.6
9 17 5.3 4.6
9 18 5.3 4.6
9 19 5.3 4.6
9 20 5.3 4.6
9 21 5.3 4.6
9 22 5.3 4.6
9 23 5.3 4.6
9 24 5.3 4.6
9 25 5.3 4.6
9 26 5.3 4.6
9 27 5.3 4.6
9 28 5.3 4.6
9 29 5.3 4.6
9 30 5.3 4.6
9 31 5.3 4.6
9 32 5.3 4.6
9 33 5.3 4.6
9 34 5.3 4.6
9 35 5.3 4.6
9 36 5.3 4.6
9 37 5.3 4.6
9 38 5.3 4.6
9 39 5.3 4.6
9 40 5.3 4.6
9 41 5.3 4.6
9 42 5.3 4.6
9 43 5.3 4.6
9 44 5.3 4.6
9 45 5.3 4.6
9 46 5.3 4.6
9 47 5.3 4.6
9 48 5.3 4.6
9 49 5.3 4.6
10 11 2.5 0.8
10 12 0.2 2.0
10 13 0.1 5.3
10 14 1.069 1.042
10 15 5.3 4.6
10 16 0.3 1.9
10 17 1.05 0.75
10 18 5.3 4.6
10 19 0.8 0.95
10 20 5.3 4.6
10 21 5.3 4.6
10 22 5.3 4.6
10 23 5.3 4.6
10 24 5.3 4.6
10 25 5.3 4.6
10 26 5.3 4.6
10 27 5.3 4.6
10 28 5.3 4.6
10 29 5.3 4.6
10 30 5.3 4.6
10 31 5.3 4.6
10 32 5.3 4.6
10 33 5.3 4.6
10 34 5.3 4.6
10 35 5.3 4.6
10 36 5.3 4.6
10 37 5.3 4.6
10 38 5.3 4.6
10 39 5.3 4.6
10 40 5.3 4.6
10 41 5.3 4.6
10 42 5.3 4.6
10 43 5.3 4.6
10 44 5.3 4.6
10 45 5.3 4.6
10 46 5.3 4.6
10 47 5.3 4.6
10 48 5.3 4.6
10 49 5.3 4.6
11 12 2.069 1.942
11 13 0.1 5.3
11 14 0.7 2.5
11 15 0.2 3.2
11 16 2.05 1.93
11 17 0.5 3.5
11 18 0.2 3.2
11 19 0.7 2.5
11 20 5.3 4.6
11 21 5.3 4.6
11 22 5.3 4.6
11 23 5.3 4.6
11 24 5.3 4.6
11 25 5.3 4.6
11 26 5.3 4.6
11 27 5.3 4.6
11 28 5.3 4.6
11 29 5.3 4.6
11 30 5.3 4.6
11 31 5.3 4.6
11 32 5.3 4.6
11 33 5.3 4.6
11 34 5.3 4.6
11 35 5.3 4.6
11 36 5.3 4.6
11 37 5.3 4.6
11 38 5.3 4.6
11 39 5.3 4.6
11 40 5.3 4.6
11 41 5.3 4.6
11 42 5.3 4.6
11 43 5.3 4.6
11 44 5.3 4.6
11 45 5.3 4.6
11 46 5.3 4.6
11 47 5.3 4.6
11 48 5.3 4.6
11 49 5.3 4.6
12 13 3.0 1.2
12 14 0.6 5.3
12 15 0.5 5.3
12 16 2.3 2.1
12 17 0.8 5.3
12 18 0.4 5.3
12 19 0.2 5.3
12 20 5.3 4.6
12 21 5.3 4.6
12 22 5.3 4.6
12 23 5.3 4.6
12 24 5.3 4.6
12 25 5.3 4.6
12 26 5.3 4.6
12 27 5.3 4.6
12 28 5.3 4.6
12 29 5.3 4.6
12 30 5.3 4.6
12 31 5.3 4.6
12 32 5.3 4.6
12 33 5.3 4.6
12 34 5.3 4.6
12 35 5.3 4.6
12 36 5.3 4.6
12 37 5.3 4.6
12 38 5.3 4.6
12 39 5.3 4.6
12 40 5.3 4.6
12 41 5.3 4.6
12 42 5.3 4.6
12 43 5.3 4.6
12 44 5.3 4.6
12 45 5.3 4.6
12 46 5.3 4.6
12 47 5.3 4.6
12 48 5.3 4.6
12 49 5.3 4.6
13 14 0.069 5.3
13 15 2.1 2.0
13 16 0.2 5.3
13 17 0.2 5.3
13 18 1.8 1.9
13 19 0.2 5.3
13 20 5.3 4.6
13 21 5.3 4.6
13 22 5.3 4.6
13 23 5.3 4.6
13 24 5.3 4.6
13 25 5.3 4.6
13 26 5.3 4.6
13 27 5.3 4.6
13 28 5.3 4.6
13 29 5.3 4.6
13 30 5.3 4.6
13 31 5.3 4.6
13 32 5.3 4.6
13 33 5.3 4.6
13 34 5.3 4.6
13 35 5.3 4.6
13 36 5.3 4.6
13 37 5.3 4.6
13 38 5.3 4.6
13 39 5.3 4.6
13 40 5.3 4.6
13 41 5.3 4.6
13 42 5.3 4.6
13 43 5.3 4.6
13 44 5.3 4.6
13 45 5.3 4.6
13 46 5.3 4.6
13 47 5.3 4.6
13 48 5.3 4.6
13 49 5.3 4.6
14 15 5.3 4.6
14 16 5.3 4.6
14 17 1.05 0.98
14 18 5.3 4.6
14 19 1.15 1.2
14 20 5.3 4.6
14 21 5.3 4.6
14 22 5.3 4.6
14 23 5.3 4.6
14 24 5.3 4.6
14 25 5.3 4.6
14 26 5.3 4.6
14 27 5.3 4.6
14 28 5.3 4.6
14 29 5.3 4.6
14 30 5.3 4.6
14 31 5.3 4.6
14 32 5.3 4.6
14 33 5.3 4.6
14 34 5.3 4.6
14 35 5.3 4.6
14 36 5.3 4.6
14 37 5.3 4.6
14 38 5.3 4.6
14 39 5.3 4.6
14 40 5.3 4.6
14 41 5.3 4.6
14 42 5.3 4.6
14 43 5.3 4.6
14 44 5.3 4.6
14 45 5.3 4.6
14 46 5.3 4.6
14 47 5.3 4.6
14 48 5.3 4.6
14 49 5.3 4.6
15 16 5.3 4.6
15 17 5.3 4.6
15 18 2.05 2.03
15 19 5.3 4.6
15 20 5.3 4.6
15 21 5.3 4.6
15 22 5.3 4.6
15 23 5.3 4.6
15 24 5.3 4.6
15 25 5.3 4.6
15 26 5.3 4.6
15 27 5.3 4.6
15 28 5.3 4.6
15 29 5.3 4.6
15 30 5.3 4.6
15 31 5.3 4.6
15 32 5.3 4.6
15 33 5.3 4.6
15 34 5.3 4.6
15 35 5.3 4.6
15 36 5.3 4.6
15 37 5.3 4.6
15 38 5.3 4.6
15 39 5.3 4.6
15 40 5.3 4.6
15 41 5.3 4.6
15 42 5.3 4.6
15 43 5.3 4.6
15 44 5.3 4.6
15 45 5.3 4.6
15 46 5.3 4.6
15 47 5.3 4.6
15 48 5.3 4.6
15 49 5.3 4.6
16 17 5.3 4.6
16 18 5.3 4.6
16 19 5.3 4.6
16 20 5.3 4.6
16 21 5.3 4.6
16 22 5.3 4.6
16 23 5.3 4.6
16 24 5.3 4.6
16 25 5.3 4.6
16 26 5.3 4.6
16 27 5.3 4.6
16 28 5.3 4.6
16 29 5.3 4.6
16 30 5.3 4.6
16 31 5.3 4.6
16 32 5.3 4.6
16 33 5.3 4.6
16 34 5.3 4.6
16 35 5.3 4.6
16 36 5.3 4.6
16 37 5.3 4.6
16 38 5.3 4.6
16 39 5.3 4.6
16 40 5.3 4.6
16 41 5.3 4.6
16 42 5.3 4.6
16 43 5.3 4.6
16 44 5.3 4.6
16 45 5.3 4.6
16 46 5.3 4.6
16 47 5.3 4.6
16 48 5.3 4.6
16 49 5.3 4.6
17 18 5.3 4.6
17 19 1.0 1.05
17 20 5.3 4.6
17 21 5.3 4.6
17 22 5.3 4.6
17 23 5.3 4.6
17 24 5.3 4.6
17 25 5.3 4.6
17 26 5.3 4.6
17 27 5.3 4.6
17 28 5.3 4.6
17 29 5.3 4.6
17 30 5.3 4.6
17 31 5.3 4.6
17 32 5.3 4.6
17 33 5.3 4.6
17 34 5.3 4.6
17 35 5.3 4.6
17 36 5.3 4.6
17 37 5.3 4.6
17 38 5.3 4.6
17 39 5.3 4.6
17 40 5.3 4.6
17 41 5.3 4.6
17 42 5.3 4.6
17 43 5.3 4.6
17 44 5.3 4.6
17 45 5.3 4.6
17 46 5.3 4.6
17 47 5.3 4.6
17 48 5.3 4.6
17 49 5.3 4.6
18 19 5.3 4.6
18 20 5.3 4.6
18 21 5.3 4.6
18 22 5.3 4.6
18 23 5.3 4.6
18 24 5.3 4.6
18 25 5.3 4.6
18 26 5.3 4.6
18 27 5.3 4.6
18 28 5.3 4.6
18 29 5.3 4.6
18 30 5.3 4.6
18 31 5.3 4.6
18 32 5.3 4.6
18 33 5.3 4.6
18 34 5.3 4.6
18 35 5.3 4.6
18 36 5.3 4.6
18 37 5.3 4.6
18 38 5.3 4.6
18 39 5.3 4.6
18 40 5.3 4.6
18 41 5.3 4.6
18 42 5.3 4.6
18 43 5.3 4.6
18 44 5.3 4.6
18 45 5.3 4.6
18 46 5.3 4.6
18 47 5.3 4.6
18 48 5.3 4.6
18 49 5.3 4.6
19 20 5.3 4.6
19 21 5.3 4.6
19 22 5.3 4.6
19 23 5.3 4.6
19 24 5.3 4.6
19 25 5.3 4.6
19 26 5.3 4.6
19 27 5.3 4.6
19 28 5.3 4.6
19 29 5.3 4.6
19 30 5.3 4.6
19 31 5.3 4.6
19 32 5.3 4.6
19 33 5.3 4.6
19 34 5.3 4.6
19 35 5.3 4.6
19 36 5.3 4.6
19 37 5.3 4.6
19 38 5.3 4.6
19 39 5.3 4.6
19 40 5.3 4.6
19 41 5.3 4.6
19 42 5.3 4.6
19 43 5.3 4.6
19 44 5.3 4.6
19 45 5.3 4.6
19 46 5.3 4.6
19 47 5.3 4.6
19 48 5.3 4.6
19 49 5.3 4.6
20 21 2.5 0.8
20 22 0.2 2.0
20 23 0.1 5.3
20 24 1.069 1.042
20 25 5.3 4.6
20 26 0.3 1.9
20 27 1.05 0.75
20 28 5.3 4.6
20 29 0.8 0.95
20 30 5.3 4.6
20 31 5.3 4.6
20 32 5.3 4.6
20 33 5.3 4.6
20 34 5.3 4.6
20 35 5.3 4.6
20 36 5.3 4.6
20 37 5.3 4.6
20 38 5.3 4.6
20 39 5.3 4.6
20 40 5.3 4.6
20 41 5.3 4.6
20 42 5.3 4.6
20 43 5.3 4.6
20 44 5.3 4.6
20 45 5.3 4.6
20 46 5.3 4.6
20 47 5.3 4.6
20 48 5.3 4.6
20 49 5.3 4.6
21 22 2.069 1.942
21 23 0.1 5.3
21 24 0.7 2.5
21 25 0.2 3.2
21 26 2.05 1.93
21 27 0.5 3.5
21 28 0.2 3.2
21 29 0.7 2.5
21 30 5.3 4.6
21 31 5.3 4.6
21 32 5.3 4.6
21 33 5.3 4.6
21 34 5.3 4.6
21 35 5.3 4.6
21 36 5.3 4.6
21 37 5.3 4.6
21 38 5.3 4.6
21 39 5.3 4.6
21 40 5.3 4.6
21 41 5.3 4.6
21 42 5.3 4.6
21 43 5.3 4.6
21 44 5.3 4.6
21 45 5.3 4.6
21 46 5.3 4.6
21 47 5.3 4.6
21 48 5.3 4.6
21 49 5.3 4.6
22 23 3.0 1.2
22 24 0.6 5.3
22 25 0.5 5.3
22 26 2.3 2.1
22 27 0.8 5.3
22 28 0.4 5.3
22 29 0.2 5.3
22 30 5.3 4.6
22 31 5.3 4.6
22 32 5.3 4.6
22 33 5.3 4.6
22 34 5.3 4.6
22 35 5.3 4.6
22 36 5.3 4.6
22 37 5.3 4.6
22 38 5.3 4.6
22 39 5.3 4.6
22 40 5.3 4.6
22 41 5.3 4.6
22 42 5.3 4.6
22 43 5.3 4.6
22 44 5.3 4.6
22 45 5.3 4.6
22 46 5.3 4.6
22 47 5.3 4.6
22 48 5.3 4.6
22 49 5.3 4.6
23 24 0.069 5.3
23 25 2.1 2.0
23 26 0.2 5.3
23 27 0.2 5.3
23 28 1.8 1.9
23 29 0.2 5.3
23 30 5.3 4.6
23 31 5.3 4.6
23 32 5.3 4.6
23 33 5.3 4.6
23 34 5.3 4.6
23 35 5.3 4.6
23 36 5.3 4.6
23 37 5.3 4.6
23 38 5.3 4.6
23 39 5.3 4.6
23 40 5.3 4.6
23 41 5.3 4.6
23 42 5.3 4.6
23 43 5.3 4.6
23 44 5.3 4.6
23 45 5.3 4.6
23 46 5.3 4.6
23 47 5.3 4.6
23 48 5.3 4.6
23 49 5.3 4.6
24 25 5.3 4.6
24 26 5.3 4.6
24 27 1.05 0.98
24 28 5.3 4.6
24 29 1.15 1.2
24 30 5.3 4.6
24 31 5.3 4.6
24 32 5.3 4.6
24 33 5.3 4.6
24 34 5.3 4.6
24 35 5.3 4.6
24 36 5.3 4.6
24 37 5.3 4.6
24 38 5.3 4.6
24 39 5.3 4.6
24 40 5.3 4.6
24 41 5.3 4.6
24 42 5.3 4.6
24 43 5.3 4.6
24 44 5.3 4.6
24 45 5.3 4.6
24 46 5.3 4.6
24 47 5.3 4.6
24 48 5.3 4.6
24 49 5.3 4.6
25 26 5.3 4.6
25 27 5.3 4.6
25 28 2.05 2.03
25 29 5.3 4.6
25 30 5.3 4.6
25 31 5.3 4.6
25 32 5.3 4.6
25 33 5.3 4.6
25 34 5.3 4.6
25 35 5.3 4.6
25 36 5.3 4.6
25 37 5.3 4.6
25 38 5.3 4.6
25 39 5.3 4.6
25 40 5.3 4.6
25 41 5.3 4.6
25 42 5.3 4.6
25 43 5.3 4.6
25 44 5.3 4.6
25 45 5.3 4.6
25 46 5.3 4.6
25 47 5.3 4.6
25 48 5.3 4.6
25 49 5.3 4.6
26 27 5.3 4.6
26 28 5.3 4.6
26 29 5.3 4.6
26 30 5.3 4.6
26 31 5.3 4.6
26 32 5.3 4.6
26 33 5.3 4.6
26 34 5.3 4.6
26 35 5.3 4.6
26 36 5.3 4.6
26 37 5.3 4.6
26 38 5.3 4.6
26 39 5.3 4.6
26 40 5.3 4.6
26 41 5.3 4.6
26 42 5.3 4.6
26 43 5.3 4.6
26 44 5.3 4.6
26 45 5.3 4.6
26 46 5.3 4.6
26 47 5.3 4.6
26 48 5.3 4.6
26 49 5.3 4.6
27 28 5.3 4.6
27 29 1.0 1.05
27 30 5.3 4.6
27 31 5.3 4.6
27 32 5.3 4.6
27 33 5.3 4.6
27 34 5.3 4.6
27 35 5.3 4.6
27 36 5.3 4.6
27 37 5.3 4.6
27 38 5.3 4.6
27 39 5.3 4.6
27 40 5.3 4.6
27 41 5.3 4.6
27 42 5.3 4.6
27 43 5.3 4.6
27 44 5.3 4.6
27 45 5.3 4.6
27 46 5.3 4.6
27 47 5.3 4.6
27 48 5.3 4.6
27 49 5.3 4.6
28 29 5.3 4.6
28 30 5.3 4.6
28 31 5.3 4.6
28 32 5.3 4.6
28 33 5.3 4.6
28 34 5.3 4.6
28 35 5.3 4.6
28 36 5.3 4.6
28 37 5.3 4.6
28 38 5.3 4.6
28 39 5.3 4.6
28 40 5.3 4.6
28 41 5.3 4.6
28 42 5.3 4.6
28 43 5.3 4.6
28 44 5.3 4.6
28 45 5.3 4.6
28 46 5.3 4.6
28 47 5.3 4.6
28 48 5.3 4.6
28 49 5.3 4.6
29 30 5.3 4.6
29 31 5.3 4.6
29 32 5.3 4.6
29 33 5.3 4.6
29 34 5.3 4.6
29 35 5.3 4.6
29 36 5.3 4.6
29 37 5.3 4.6
29 38 5.3 4.6
29 39 5.3 4.6
29 40 5.3 4.6
29 41 5.3 4.6
29 42 5.3 4.6
29 43 5.3 4.6
29 44 5.3 4.6
29 45 5.3 4.6
29 46 5.3 4.6
29 47 5.3 4.6
29 48 5.3 4.6
29 49 5.3 4.6
30 31 2.5 0.8
30 32 0.2 2.0
30 33 0.1 5.3
30 34 1.069 1.042
30 35 5.3 4.6
30 36 0.3 1.9
30 37 1.05 0.75
30 38 5.3 4.6
30 39 0.8 0.95
30 40 5.3 4.6
30 41 5.3 4.6
30 42 5.3 4.6
30 43 5.3 4.6
30 44 5.3 4.6
30 45 5.3 4.6
30 46 5.3 4.6
30 47 5.3 4.6
30 48 5.3 4.6
30 49 5.3 4.6
31 32 2.069 1.942
31 33 0.1 5.3
31 34 0.7 2.5
31 35 0.2 3.2
31 36 2.05 1.93
31 37 0.5 3.5
31 38 0.2 3.2
31 39 0.7 2.5
31 40 5.3 4.6
31 41 5.3 4.6
31 42 5.3 4.6
31 43 5.3 4.6
31 44 5.3 4.6
31 45 5.3 4.6
31 46 5.3 4.6
31 47 5.3 4.6
31 48 5.3 4.6
31 49 5.3 4.6
32 33 3.0 1.2
32 34 0.6 5.3
32 35 0.5 5.3
32 36 2.3 2.1
32 37 0.8 5.3
32 38 0.4 5.3
32 39 0.2 5.3
32 40 5.3 4.6
32 41 5.3 4.6
32 42 5.3 4.6
32 43 5.3 4.6
32 44 5.3 4.6
32 45 5.3 4.6
32 46 5.3 4.6
32 47 5.3 4.6
32 48 5.3 4.6
32 49 5.3 4.6
33 34 0.069 5.3
33 35 2.1 2.0
33 36 0.2 5.3
33 37 0.2 5.3
33 38 1.8 1.9
33 39 0.2 5.3
33 40 5.3 4.6
33 41 5.3 4.6
33 42 5.3 4.6
33 43 5.3 4.6
33 44 5.3 4.6
33 45 5.3 4.6
33 46 5.3 4.6
33 47 5.3 4.6
33 48 5.3 4.6
33 49 5.3 4.6
34 35 5.3 4.6
34 36 5.3 4.6
34 37 1.05 0.98
34 38 5.3 4.6
34 39 1.15 1.2
34 40 5.3 4.6
34 41 5.3 4.6
34 42 5.3 4.6
34 43 5.3 4.6
34 44 5.3 4.6
34 45 5.3 4.6
34 46 5.3 4.6
34 47 5.3 4.6
34 48 5.3 4.6
34 49 5.3 4.6
35 36 5.3 4.6
35 37 5.3 4.6
35 38 2.05 2.03
35 39 5.3 4.6
35 40 5.3 4.6
35 41 5.3 4.6
35 42 5.3 4.6
35 43 5.3 4.6
35 44 5.3 4.6
35 45 5.3 4.6
35 46 5.3 4.6
35 47 5.3 4.6
35 48 5.3 4.6
35 49 5.3 4.6
36 37 5.3 4.6
36 38 5.3 4.6
36 39 5.3 4.6
36 40 5.3 4.6
36 41 5.3 4.6
36 42 5.3 4.6
36 43 5.3 4.6
36 44 5.3 4.6
36 45 5.3 4.6
36 46 5.3 4.6
36 47 5.3 4.6
36 48 5.3 4.6
36 49 5.3 4.6
37 38 5.3 4.6
37 39 1.0 1.05
37 40 5.3 4.6
37 41 5.3 4.6
37 42 5.3 4.6
37 43 5.3 4.6
37 44 5.3 4.6
37 45 5.3 4.6
37 46 5.3 4.6
37 47 5.3 4.6
37 48 5.3 4.6
37 49 5.3 4.6
38 39 5.3 4.6
38 40 5.3 4.6
38 41 5.3 4.6
38 42 5.3 4.6
38 43 5.3 4.6
38 44 5.3 4.6
38 45 5.3 4.6
38 46 5.3 4.6
38 47 5.3 4.6
38 48 5.3 4.6
38 49 5.3 4.6
39 40 5.3 4.6
39 41 5.3 4.6
39 42 5.3 4.6
39 43 5.3 4.6
39 44 5.3 4.6
39 45 5.3 4.6
39 46 5.3 4.6
39 47 5.3 4.6
39 48 5.3 4.6
39 49 5.3 4.6
40 41 2.5 0.8
40 42 0.2 2.0
40 43 0.1 5.3
40 44 1.069 1.042
40 45 5.3 4.6
40 46 0.3 1.9
40 47 1.05 0.75
40 48 5.3 4.6
40 49 0.8 0.95
41 42 2.069 1.942
41 43 0.1 5.3
41 44 0.7 2.5
41 45 0.2 3.2
41 46 2.05 1.93
41 47 0.5 3.5
41 48 0.2 3.2
41 49 0.7 2.5
42 43 3.0 1.2
42 44 0.6 5.3
42 45 0.5 5.3
42 46 2.3 2.1
42 47 0.8 5.3
42 48 0.4 5.3
42 49 0.2 5.3
43 44 0.069 5.3
43 45 2.1 2.0
43 46 0.2 5.3
43 47 0.2 5.3
43 48 1.8 1.9
43 49 0.2 5.3
44 45 5.3 4.6
44 46 5.3 4.6
44 47 1.05 0.98
44 48 5.3 4.6
44 49 1.15 1.2
45 46 5.3 4.6
45 47 5.3 4.6
45 48 2.05 2.03
45 49 5.3 4.6
46 47 5.3 4.6
46 48 5.3 4.6
46 49 5.3 4.6
47 48 5.3 4.6
47 49 1.0 1.05
48 49 5.3 4.6
