20
3.061
0 1 50.0 0.01
0 2 50.0 0.01
0 3 50.0 0.01
0 4 50.0 0.01
0 5 50.0 0.01
0 6 50.0 0.01
0 7 50.0 0.01
0 8 50.0 0.01
0 9 50.0 0.01
0 10 50.0 0.01
0 11 50.0 0.01
0 12 50.0 0.01
0 13 50.0 0.01
0 14 50.0 0.01
0 15 50.0 0.01
0 16 50.0 0.01
0 17 50.0 0.01
0 18 99.999 1.532
0 19 99.999 1.532
1 2 50.0 0.01
1 3 50.0 0.01
1 4 50.0 0.01
1 5 50.0 0.01
1 6 50.0 0.01
1 7 50.0 0.01
1 8 50.0 0.01
1 9 50.0 0.01
1 10 50.0 0.01
1 11 50.0 0.01
1 12 50.0 0.01
1 13 50.0 0.01
1 14 50.0 0.01
1 15 50.0 0.01
1 16 50.0 0.01
1 17 50.0 0.01
1 18 99.999 1.532
1 19 99.999 1.532
2 3 50.0 0.01
2 4 50.0 0.01
2 5 50.0 0.01
2 6 50.0 0.01
2 7 50.0 0.01
2 8 50.0 0.01
2 9 50.0 0.01
2 10 50.0 0.01
2 11 50.0 0.01
2 12 50.0 0.01
2 13 50.0 0.01
2 14 50.0 0.01
2 15 50.0 0.01
2 16 50.0 0.01
2 17 50.0 0.01
2 18 99.999 1.532
2 19 99.999 1.532
3 4 50.0 0.01
3 5 50.0 0.01
3 6 50.0 0.01
3 7 50.0 0.01
3 8 50.0 0.01
3 9 50.0 0.01
3 10 50.0 0.01
3 11 50.0 0.01
3 12 50.0 0.01
3 13 50.0 0.01
3 14 50.0 0.01
3 15 50.0 0.01
3 16 50.0 0.01
3 17 50.0 0.01
3 18 99.999 1.532
3 19 99.999 1.532
4 5 50.0 0.01
4 6 50.0 0.01
4 7 50.0 0.01
4 8 50.0 0.01
4 9 50.0 0.01
4 10 50.0 0.01
4 11 50.0 0.01
4 12 50.0 0.01
4 13 50.0 0.01
4 14 50.0 0.01
4 15 50.0 0.01
4 16 50.0 0.01
4 17 50.0 0.01
4 18 99.999 1.532
4 19 99.999 1.532
5 6 50.0 0.01
5 7 50.0 0.01
5 8 50.0 0.01
5 9 50.0 0.01
5 10 50.0 0.01
5 11 50.0 0.01
5 12 50.0 0.01
5 13 50.0 0.01
5 14 50.0 0.01
5 15 50.0 0.01
5 16 50.0 0.01
5 17 50.0 0.01
5 18 99.999 1.532
5 19 99.999 1.532
6 7 50.0 0.01
6 8 50.0 0.01
6 9 50.0 0.01
6 10 50.0 0.01
6 11 50.0 0.01
6 12 50.0 0.01
6 13 50.0 0.01
6 14 50.0 0.01
6 15 50.0 0.01
6 16 50.0 0.01
6 17 50.0 0.01
6 18 99.999 1.532
6 19 99.999 1.532
7 8 50.0 0.01
7 9 50.0 0.01
7 10 50.0 0.01
7 11 50.0 0.01
7 12 50.0 0.01
7 13 50.0 0.01
7 14 50.0 0.01
7 15 50.0 0.01
7 16 50.0 0.01
7 17 50.0 0.01
7 18 99.999 1.532
7 19 99.999 1.532
8 9 50.0 0.01
8 10 50.0 0.01
8 11 50.0 0.01
8 12 50.0 0.01
8 13 50.0 0.01
8 14 50.0 0.01
8 15 50.0 0.01
8 16 50.0 0.01
8 17 50.0 0.01
8 18 99.999 1.532
8 19 99.999 1.532
9 10 50.0 0.01
9 11 50.0 0.01
9 12 50.0 0.01
9 13 50.0 0.01
9 14 50.0 0.01
9 15 50.0 0.01
9 16 50.0 0.01
9 17 50.0 0.01
9 18 99.999 1.532
9 19 99.999 1.532
10 11 50.0 0.01
10 12 50.0 0.01
10 13 50.0 0.01
10 14 50.0 0.01
10 15 50.0 0.01
10 16 50.0 0.01
10 17 50.0 0.01
10 18 99.999 1.532
10 19 99.999 1.532
11 12 50.0 0.01
11 13 50.0 0.01
11 14 50.0 0.01
11 15 50.0 0.01
11 16 50.0 0.01
11 17 50.0 0.01
11 18 99.999 1.532
11 19 99.999 1.532
12 13 50.0 0.01
12 14 50.0 0.01
12 15 50.0 0.01
12 16 50.0 0.01
12 17 50.0 0.01
12 18 99.999 1.532
12 19 99.999 1.532
13 14 50.0 0.01
13 15 50.0 0.01
13 16 50.0 0.01
13 17 50.0 0.01
13 18 99.999 1.532
13 19 99.999 1.532
14 15 50.0 0.01
14 16 50.0 0.01
14 17 50.0 0.01
14 18 99.999 1.532
14 19 99.999 1.532
15 16 50.0 0.01
15 17 50.0 0.01
15 18 99.999 1.532
15 19 99.999 1.532
16 17 50.0 0.01
16 18 99.999 1.532
16 19 99.999 1.532
17 18 99.999 1.532
17 19 99.999 1.532
18 19 1.0 1.53
