10
90
0 1 99.0 31.0
0 2 88.0 31.0
0 3 75.0 31.0
0 4 99.0 31.0
0 5 80.0 31.0
0 6 85.0 31.0
0 7 15.0 31.0
0 8 10.0 31.0
0 9 90.0 31.0
1 2 1.0 3.0
1 3 3.0 3.0
1 4 16.0 6.0
1 5 15.0 8.0
1 6 19.0 9.0
1 7 15.0 5.0
1 8 2.0 2.0
1 9 2.0 4.0
2 3 2.0 1.0
2 4 12.0 7.0
2 5 17.0 8.0
2 6 16.0 9.0
2 7 18.0 8.0
2 8 1.0 3.0
2 9 2.0 2.0
3 4 13.0 8.0
3 5 66.0 7.0
3 6 8.0 8.0
3 7 90.0 6.0
3 8 6.0 2.0
3 9 3.0 2.0
4 5 1.0 5.0
4 6 2.0 8.0
4 7 2.0 9.0
4 8 8.0 5.0
4 9 33.0 6.0
5 6 0.0 3.0
5 7 1.0 2.0
5 8 23.0 6.0
5 9 7.0 6.0
6 7 1.0 2.0
6 8 8.0 8.0
6 9 7.0 8.0
7 8 46.0 7.0
7 9 99.0 9.0
8 9 2.0 4.0
