10
55
0 1 18.0 5.5
0 2 19.0 17.0
0 3 19.0 10.0
0 4 19.0 17.0
0 5 12.0 6.0
0 6 10.0 5.0
0 7 20.0 17.0
0 8 18.0 10.0
0 9 20.0 8.0
1 2 6.0 3.0
1 3 20.0 5.5
1 4 19.0 10.0
1 5 18.0 17.0
1 6 19.0 10.0
1 7 18.0 8.0
1 8 5.0 2.0
1 9 6.0 3.0
2 3 18.0 5.5
2 4 20.0 5.5
2 5 19.0 5.5
2 6 19.0 8.0
2 7 20.0 17.0
2 8 4.0 2.0
2 9 5.0 2.0
3 4 4.0 2.0
3 5 18.0 8.0
3 6 19.0 17.0
3 7 12.0 12.0
3 8 19.0 8.0
3 9 20.0 10.0
4 5 20.0 8.0
4 6 18.0 5.5
4 7 8.0 4.0
4 8 19.0 5.5
4 9 20.0 10.0
5 6 14.0 7.0
5 7 18.0 5.5
5 8 20.0 5.5
5 9 18.0 10.0
6 7 20.0 8.0
6 8 18.0 17.0
6 9 20.0 10.0
7 8 20.0 5.5
7 9 18.0 5.5
8 9 10.0 6.0
