10
99.9
0 1 9.347 5.327
0 2 42.531 2.1
0 3 27.275 0.569
0 4 31.426 33.3
0 5 10.1 5.529
0 6 18.178 1.178
0 7 33.046 4.746
0 8 10.414 5.091
0 9 20.805 16.452
1 2 12.724 1.084
1 3 18.765 1.832
1 4 51.405 15.12
1 5 71.63 18.84
1 6 28.302 10.722
1 7 29.764 24.173
1 8 59.74 1.088
1 9 18.79 2.316
2 3 52.726 0.509
2 4 7.124 3.606
2 5 8.313 4.426
2 6 59.023 11.78
2 7 26.455 3.436
2 8 11.89 4.454
2 9 64.021 1.746
3 4 12.767 4.33
3 5 34.415 15.266
3 6 37.36 0.791
3 7 31.786 4.597
3 8 34.173 5.481
3 9 35.152 2.638
4 5 10.964 0.518
4 6 23.07 4.155
4 7 22.977 12.144
4 8 20.601 0.526
4 9 38.523 22.13
5 6 12.545 4.148
5 7 19.916 37.476
5 8 46.413 13.371
5 9 23.734 3.488
6 7 32.183 1.656
6 8 17.678 3.249
6 9 37.48 1.855
7 8 59.035 18.617
7 9 45.042 4.287
8 9 44.763 1.384
