10
80
0 1 2.0 3.38
0 2 9.0 8.777
0 3 9.0 3.19
0 4 10.0 12.916
0 5 10.0 16.0
0 6 7.0 7.027
0 7 9.0 13.823
0 8 9.0 16.589
0 9 4.0 10.42
1 2 9.0 16.0
1 3 3.0 7.617
1 4 6.0 0.35
1 5 10.0 11.217
1 6 10.0 16.0
1 7 10.0 3.808
1 8 9.0 6.23
1 9 4.0 7.1
2 3 10.0 3.262
2 4 3.0 5.832
2 5 5.0 6.692
2 6 5.0 0.003
2 7 9.0 4.057
2 8 5.0 14.668
2 9 5.0 4.308
3 4 10.0 6.484
3 5 9.0 0.348
3 6 8.0 4.665
3 7 5.0 5.108
3 8 3.0 2.149
3 9 8.0 0.353
4 5 7.0 5.252
4 6 7.0 5.623
4 7 6.0 1.751
4 8 2.0 2.119
4 9 8.0 6.613
5 6 3.0 9.821
5 7 6.0 4.297
5 8 10.0 9.21
5 9 4.0 8.549
6 7 2.0 3.573
6 8 6.0 12.299
6 9 8.0 2.919
7 8 7.0 0.839
7 9 6.0 7.831
8 9 4.0 0.252
