10
0.561
0 1 50.0 0.01
0 2 50.0 0.01
0 3 50.0 0.01
0 4 50.0 0.01
0 5 50.0 0.01
0 6 50.0 0.01
0 7 50.0 0.01
0 8 99.999 0.282
0 9 99.999 0.282
1 2 50.0 0.01
1 3 50.0 0.01
1 4 50.0 0.01
1 5 50.0 0.01
1 6 50.0 0.01
1 7 50.0 0.01
1 8 99.999 0.282
1 9 99.999 0.282
2 3 50.0 0.01
2 4 50.0 0.01
2 5 50.0 0.01
2 6 50.0 0.01
2 7 50.0 0.01
2 8 99.999 0.282
2 9 99.999 0.282
3 4 50.0 0.01
3 5 50.0 0.01
3 6 50.0 0.01
3 7 50.0 0.01
3 8 99.999 0.282
3 9 99.999 0.282
4 5 50.0 0.01
4 6 50.0 0.01
4 7 50.0 0.01
4 8 99.999 0.282
4 9 99.999 0.282
5 6 50.0 0.01
5 7 50.0 0.01
5 8 99.999 0.282
5 9 99.999 0.282
6 7 50.0 0.01
6 8 99.999 0.282
6 9 99.999 0.282
7 8 99.999 0.282
7 9 99.999 0.282
8 9 1.0 0.28
