10
99.999
0 1 45.618 16.34
0 2 50.296 10.273
0 3 77.591 19.051
0 4 77.951 2.741
0 5 45.653 1.356
0 6 44.619 1.044
0 7 48.885 1.876
0 8 52.778 20.724
0 9 84.119 2.221
1 2 75.04 16.589
1 3 54.411 5.597
1 4 52.751 18.396
1 5 44.085 2.277
1 6 64.187 16.69
1 7 66.973 14.36
1 8 66.335 2.197
1 9 51.946 19.494
2 3 54.368 11.146
2 4 92.34 1.022
2 5 62.491 1.1
2 6 54.605 12.954
2 7 52.703 2.384
2 8 60.702 18.914
2 9 56.441 2.409
3 4 53.9 12.711
3 5 62.681 1.115
3 6 49.302 12.305
3 7 31.96 1.342
3 8 64.165 12.955
3 9 54.243 11.026
4 5 64.102 17.702
4 6 56.692 15.009
4 7 41.546 2.081
4 8 66.778 13.019
4 9 65.483 21.015
5 6 72.011 12.486
5 7 45.093 0.952
5 8 62.02 2.611
5 9 44.461 2.576
6 7 67.341 10.775
6 8 55.147 13.808
6 9 58.77 16.509
7 8 52.014 5.837
7 9 85.352 0.906
8 9 45.633 11.017
