10
70.0
0 1 19.0 1.1
0 2 91.0 8.2
0 3 13.0 1.0
0 4 36.0 3.4
0 5 38.0 1.3
0 6 89.0 1.6
0 7 37.0 2.7
0 8 64.0 3.2
0 9 35.0 0.6
1 2 26.0 8.1
1 3 15.0 9.5
1 4 60.0 7.7
1 5 82.0 5.2
1 6 56.0 3.2
1 7 69.0 6.3
1 8 58.0 3.6
1 9 45.0 5.8
2 3 61.0 2.2
2 4 96.0 3.2
2 5 91.0 0.8
2 6 51.0 6.9
2 7 83.0 4.6
2 8 49.0 3.1
2 9 98.0 0.7
3 4 12.0 1.7
3 5 5.0 4.1
3 6 71.0 1.7
3 7 48.0 1.6
3 8 28.0 0.6
3 9 57.0 5.5
4 5 70.0 6.2
4 6 11.0 8.2
4 7 48.0 1.0
4 8 63.0 2.8
4 9 73.0 8.4
5 6 21.0 6.1
5 7 28.0 4.1
5 8 2.0 0.1
5 9 49.0 4.6
6 7 40.0 4.3
6 8 64.0 4.0
6 9 27.0 9.3
7 8 20.0 6.7
7 9 70.0 6.7
8 9 46.0 5.5
