50
75
0 1 6.0 1.282
0 2 11.0 0.9
0 3 9.0 1.065
0 4 6.0 1.215
0 5 6.0 0.869
0 6 9.0 1.05
0 7 11.0 1.08
0 8 12.0 0.946
0 9 9.0 0.882
0 10 10.0 1.13
0 11 8.0 1.039
0 12 9.0 0.64
0 13 10.0 1.271
0 14 8.0 0.8
0 15 5.0 1.285
0 16 7.0 0.763
0 17 8.0 0.641
0 18 10.0 0.855
0 19 11.0 0.76
0 20 12.0 0.796
0 21 11.0 0.956
0 22 8.0 0.696
0 23 6.0 1.236
0 24 8.0 1.01
0 25 5.0 1.006
0 26 6.0 1.149
0 27 6.0 0.705
0 28 10.0 0.661
0 29 9.0 1.06
0 30 8.0 0.708
0 31 12.0 0.758
0 32 10.0 0.869
0 33 18.0 0.742
0 34 19.0 0.704
0 35 5.0 1.19
0 36 8.0 1.288
0 37 12.0 0.622
0 38 12.0 0.739
0 39 11.0 1.107
0 40 10.0 0.75
0 41 9.0 0.649
0 42 5.0 0.78
0 43 8.0 1.095
0 44 7.0 1.194
0 45 10.0 0.638
0 46 12.0 0.93
0 47 11.0 0.835
0 48 12.0 0.623
0 49 16.0 0.653
1 2 10.0 1.175
1 3 5.0 1.05
1 4 9.0 0.794
1 5 7.0 0.985
1 6 10.0 0.819
1 7 12.0 1.105
1 8 8.0 0.651
1 9 6.0 0.9
1 10 7.0 0.983
1 11 8.0 0.987
1 12 11.0 0.951
1 13 15.0 0.664
1 14 11.0 1.186
1 15 9.0 0.879
1 16 10.0 1.129
1 17 6.0 1.24
1 18 12.0 0.871
1 19 8.0 1.052
1 20 10.0 0.619
1 21 8.0 0.852
1 22 12.0 0.698
1 23 7.0 1.19
1 24 9.0 0.922
1 25 11.0 0.794
1 26 10.0 0.95
1 27 16.0 0.669
1 28 5.0 0.791
1 29 6.0 1.258
1 30 10.0 0.944
1 31 6.0 1.124
1 32 12.0 0.627
1 33 7.0 1.25
1 34 7.0 1.163
1 35 12.0 0.74
1 36 5.0 0.839
1 37 6.0 1.274
1 38 10.0 1.299
1 39 12.0 1.039
1 40 12.0 0.79
1 41 7.0 0.851
1 42 10.0 1.058
1 43 7.0 0.855
1 44 6.0 0.83
1 45 5.0 0.709
1 46 12.0 1.077
1 47 8.0 1.189
1 48 5.0 0.768
1 49 10.0 1.269
2 3 6.0 0.614
2 4 10.0 1.154
2 5 5.0 0.897
2 6 5.0 0.9
2 7 6.0 1.219
2 8 11.0 1.156
2 9 10.0 0.947
2 10 11.0 1.288
2 11 11.0 0.804
2 12 11.0 0.702
2 13 6.0 1.048
2 14 8.0 0.868
2 15 11.0 0.811
2 16 6.0 0.612
2 17 9.0 1.234
2 18 9.0 0.799
2 19 6.0 0.774
2 20 6.0 0.913
2 21 11.0 1.128
2 22 7.0 1.141
2 23 6.0 1.011
2 24 6.0 0.802
2 25 12.0 0.677
2 26 12.0 0.663
2 27 6.0 1.284
2 28 11.0 0.821
2 29 12.0 1.147
2 30 6.0 0.697
2 31 7.0 0.628
2 32 9.0 0.833
2 33 8.0 0.913
2 34 5.0 0.796
2 35 6.0 0.922
2 36 9.0 1.204
2 37 5.0 1.185
2 38 9.0 1.039
2 39 10.0 0.735
2 40 7.0 1.019
2 41 5.0 1.271
2 42 6.0 0.709
2 43 11.0 0.735
2 44 10.0 0.77
2 45 12.0 1.015
2 46 10.0 0.989
2 47 8.0 1.135
2 48 12.0 1.097
2 49 12.0 0.615
3 4 11.0 1.079
3 5 8.0 1.055
3 6 11.0 1.055
3 7 7.0 0.638
3 8 8.0 0.685
3 9 5.0 0.87
3 10 5.0 0.765
3 11 16.0 0.714
3 12 5.0 1.19
3 13 12.0 1.256
3 14 7.0 1.017
3 15 7.0 0.672
3 16 10.0 1.154
3 17 9.0 0.633
3 18 8.0 0.634
3 19 8.0 0.636
3 20 9.0 1.004
3 21 9.0 0.87
3 22 9.0 1.296
3 23 14.0 0.684
3 24 6.0 0.658
3 25 8.0 0.976
3 26 5.0 0.677
3 27 5.0 0.987
3 28 9.0 1.232
3 29 7.0 0.699
3 30 5.0 0.906
3 31 9.0 0.977
3 32 5.0 1.11
3 33 9.0 1.247
3 34 6.0 1.138
3 35 6.0 0.716
3 36 18.0 0.749
3 37 10.0 0.904
3 38 8.0 0.845
3 39 12.0 1.005
3 40 6.0 0.729
3 41 7.0 1.283
3 42 7.0 1.013
3 43 14.0 0.652
3 44 5.0 0.95
3 45 11.0 0.927
3 46 6.0 0.679
3 47 7.0 0.724
3 48 12.0 0.769
3 49 6.0 0.64
4 5 10.0 1.136
4 6 5.0 1.165
4 7 6.0 0.873
4 8 9.0 0.687
4 9 5.0 1.219
4 10 11.0 0.673
4 11 10.0 1.157
4 12 12.0 0.937
4 13 12.0 1.016
4 14 12.0 1.212
4 15 7.0 0.93
4 16 10.0 1.142
4 17 6.0 1.283
4 18 17.0 0.726
4 19 6.0 0.888
4 20 18.0 0.729
4 21 6.0 1.272
4 22 8.0 1.039
4 23 9.0 0.804
4 24 12.0 0.678
4 25 5.0 0.805
4 26 10.0 0.766
4 27 12.0 1.111
4 28 6.0 0.857
4 29 6.0 1.245
4 30 8.0 1.009
4 31 8.0 1.116
4 32 6.0 1.163
4 33 8.0 1.124
4 34 7.0 1.258
4 35 7.0 1.173
4 36 12.0 1.107
4 37 7.0 0.827
4 38 6.0 1.276
4 39 7.0 0.696
4 40 5.0 0.874
4 41 8.0 0.874
4 42 12.0 1.185
4 43 7.0 0.757
4 44 6.0 0.973
4 45 12.0 1.283
4 46 7.0 1.094
4 47 11.0 0.634
4 48 6.0 1.185
4 49 9.0 1.025
5 6 6.0 0.913
5 7 9.0 1.108
5 8 5.0 0.86
5 9 6.0 1.057
5 10 8.0 0.825
5 11 8.0 0.954
5 12 7.0 1.065
5 13 11.0 1.294
5 14 7.0 0.762
5 15 12.0 1.232
5 16 8.0 1.293
5 17 9.0 1.254
5 18 9.0 0.603
5 19 11.0 0.738
5 20 9.0 0.612
5 21 7.0 0.941
5 22 11.0 1.217
5 23 10.0 1.088
5 24 6.0 0.959
5 25 10.0 1.066
5 26 9.0 1.254
5 27 6.0 0.806
5 28 14.0 0.654
5 29 12.0 0.638
5 30 7.0 1.158
5 31 10.0 1.269
5 32 12.0 0.726
5 33 12.0 0.695
5 34 9.0 0.641
5 35 5.0 0.783
5 36 11.0 0.993
5 37 11.0 0.601
5 38 12.0 0.81
5 39 7.0 1.033
5 40 6.0 0.66
5 41 8.0 0.915
5 42 11.0 1.175
5 43 7.0 1.248
5 44 12.0 0.844
5 45 6.0 1.294
5 46 10.0 0.71
5 47 7.0 1.129
5 48 6.0 1.029
5 49 5.0 1.24
6 7 8.0 0.872
6 8 8.0 0.812
6 9 8.0 0.81
6 10 8.0 1.148
6 11 5.0 0.719
6 12 11.0 1.193
6 13 10.0 1.057
6 14 9.0 1.006
6 15 11.0 0.626
6 16 10.0 0.812
6 17 12.0 0.692
6 18 5.0 0.609
6 19 9.0 1.011
6 20 9.0 1.286
6 21 12.0 0.904
6 22 6.0 0.771
6 23 7.0 1.221
6 24 12.0 0.722
6 25 11.0 1.224
6 26 8.0 0.949
6 27 11.0 0.612
6 28 5.0 1.219
6 29 9.0 0.736
6 30 5.0 0.661
6 31 6.0 0.843
6 32 11.0 1.091
6 33 9.0 0.76
6 34 10.0 0.625
6 35 9.0 0.728
6 36 5.0 1.013
6 37 12.0 0.728
6 38 8.0 1.295
6 39 7.0 0.662
6 40 10.0 1.183
6 41 10.0 0.7
6 42 6.0 0.787
6 43 7.0 1.213
6 44 7.0 0.663
6 45 6.0 1.279
6 46 8.0 0.634
6 47 11.0 0.912
6 48 11.0 0.918
6 49 11.0 1.108
7 8 9.0 1.149
7 9 6.0 1.15
7 10 9.0 1.18
7 11 8.0 1.051
7 12 7.0 0.87
7 13 12.0 1.183
7 14 5.0 1.198
7 15 6.0 0.773
7 16 10.0 0.759
7 17 11.0 1.205
7 18 10.0 1.029
7 19 10.0 0.962
7 20 9.0 1.056
7 21 12.0 0.696
7 22 6.0 0.877
7 23 8.0 1.083
7 24 10.0 1.255
7 25 10.0 0.759
7 26 8.0 1.218
7 27 8.0 0.891
7 28 5.0 0.89
7 29 11.0 0.659
7 30 18.0 0.75
7 31 10.0 0.882
7 32 9.0 1.14
7 33 10.0 0.857
7 34 11.0 1.056
7 35 8.0 0.687
7 36 5.0 0.988
7 37 7.0 1.283
7 38 15.0 0.675
7 39 10.0 0.942
7 40 10.0 0.631
7 41 9.0 1.101
7 42 12.0 1.268
7 43 7.0 0.757
7 44 8.0 1.229
7 45 5.0 1.085
7 46 11.0 0.798
7 47 5.0 0.981
7 48 7.0 0.788
7 49 6.0 0.66
8 9 20.0 0.704
8 10 6.0 0.903
8 11 6.0 0.934
8 12 7.0 0.99
8 13 11.0 1.035
8 14 5.0 1.235
8 15 14.0 0.747
8 16 8.0 0.8
8 17 5.0 1.114
8 18 6.0 0.776
8 19 12.0 0.77
8 20 11.0 0.802
8 21 9.0 1.11
8 22 11.0 1.265
8 23 8.0 0.772
8 24 8.0 0.857
8 25 12.0 1.216
8 26 9.0 1.032
8 27 8.0 0.799
8 28 7.0 0.786
8 29 8.0 1.009
8 30 6.0 0.885
8 31 8.0 0.838
8 32 9.0 1.283
8 33 8.0 0.604
8 34 5.0 0.99
8 35 10.0 0.787
8 36 8.0 0.83
8 37 7.0 0.718
8 38 7.0 0.62
8 39 7.0 1.233
8 40 9.0 0.675
8 41 11.0 0.734
8 42 5.0 0.938
8 43 5.0 1.107
8 44 8.0 0.902
8 45 7.0 1.165
8 46 12.0 1.071
8 47 16.0 0.684
8 48 11.0 0.707
8 49 12.0 1.199
9 10 9.0 0.994
9 11 8.0 0.98
9 12 5.0 0.701
9 13 11.0 0.676
9 14 9.0 0.877
9 15 12.0 0.76
9 16 9.0 0.87
9 17 6.0 0.638
9 18 9.0 0.839
9 19 8.0 1.091
9 20 8.0 1.13
9 21 10.0 1.285
9 22 10.0 1.092
9 23 7.0 1.136
9 24 12.0 0.735
9 25 7.0 1.036
9 26 9.0 1.005
9 27 10.0 1.067
9 28 5.0 0.815
9 29 8.0 1.032
9 30 12.0 1.25
9 31 10.0 0.971
9 32 9.0 1.122
9 33 12.0 1.003
9 34 10.0 1.074
9 35 12.0 0.935
9 36 7.0 1.231
9 37 9.0 1.16
9 38 8.0 0.642
9 39 7.0 0.883
9 40 9.0 0.654
9 41 8.0 0.847
9 42 11.0 1.108
9 43 9.0 1.266
9 44 11.0 0.931
9 45 7.0 0.863
9 46 9.0 0.725
9 47 11.0 0.763
9 48 10.0 0.757
9 49 7.0 1.276
10 11 11.0 0.713
10 12 12.0 1.077
10 13 11.0 0.992
10 14 10.0 0.993
10 15 8.0 0.881
10 16 6.0 0.601
10 17 7.0 0.948
10 18 20.0 0.728
10 19 8.0 0.898
10 20 17.0 0.729
10 21 5.0 1.231
10 22 12.0 1.17
10 23 9.0 0.648
10 24 12.0 0.644
10 25 10.0 0.687
10 26 11.0 0.773
10 27 12.0 0.724
10 28 10.0 0.992
10 29 6.0 1.254
10 30 8.0 0.896
10 31 6.0 0.974
10 32 9.0 1.099
10 33 7.0 1.27
10 34 12.0 0.655
10 35 10.0 1.041
10 36 10.0 1.294
10 37 11.0 1.206
10 38 10.0 0.603
10 39 12.0 0.695
10 40 9.0 0.958
10 41 6.0 0.99
10 42 9.0 0.675
10 43 5.0 1.296
10 44 8.0 0.6
10 45 12.0 0.795
10 46 11.0 1.23
10 47 7.0 1.218
10 48 12.0 1.085
10 49 10.0 1.295
11 12 9.0 0.754
11 13 12.0 0.903
11 14 7.0 0.88
11 15 10.0 1.105
11 16 9.0 1.044
11 17 12.0 0.76
11 18 7.0 0.89
11 19 6.0 0.658
11 20 12.0 0.674
11 21 12.0 1.163
11 22 5.0 1.013
11 23 14.0 0.672
11 24 11.0 0.743
11 25 11.0 0.951
11 26 10.0 1.052
11 27 8.0 0.767
11 28 11.0 0.693
11 29 10.0 0.696
11 30 12.0 0.719
11 31 6.0 1.129
11 32 6.0 1.127
11 33 12.0 1.121
11 34 11.0 1.215
11 35 11.0 1.122
11 36 17.0 0.668
11 37 9.0 1.225
11 38 8.0 0.993
11 39 5.0 0.912
11 40 7.0 1.215
11 41 10.0 0.841
11 42 7.0 0.698
11 43 18.0 0.706
11 44 12.0 1.256
11 45 11.0 1.048
11 46 12.0 0.92
11 47 7.0 1.084
11 48 10.0 1.006
11 49 11.0 0.754
12 13 11.0 1.054
12 14 7.0 0.973
12 15 6.0 1.136
12 16 8.0 1.027
12 17 12.0 0.735
12 18 11.0 0.669
12 19 7.0 0.698
12 20 9.0 0.666
12 21 11.0 1.058
12 22 11.0 1.053
12 23 10.0 0.703
12 24 10.0 1.055
12 25 13.0 0.766
12 26 8.0 0.833
12 27 10.0 1.143
12 28 10.0 0.999
12 29 12.0 1.155
12 30 10.0 1.037
12 31 9.0 1.217
12 32 9.0 0.999
12 33 8.0 0.991
12 34 7.0 0.811
12 35 8.0 1.009
12 36 10.0 0.996
12 37 10.0 1.107
12 38 7.0 0.911
12 39 10.0 0.704
12 40 12.0 1.284
12 41 6.0 1.011
12 42 6.0 1.225
12 43 8.0 0.865
12 44 19.0 0.719
12 45 8.0 1.09
12 46 8.0 0.709
12 47 6.0 0.979
12 48 9.0 1.265
12 49 8.0 0.958
13 14 12.0 0.718
13 15 10.0 0.704
13 16 6.0 0.965
13 17 7.0 1.099
13 18 12.0 0.725
13 19 8.0 0.794
13 20 9.0 1.223
13 21 6.0 1.188
13 22 10.0 0.697
13 23 10.0 1.129
13 24 10.0 0.638
13 25 8.0 0.79
13 26 6.0 1.059
13 27 14.0 0.666
13 28 12.0 0.638
13 29 8.0 1.208
13 30 8.0 1.023
13 31 11.0 0.738
13 32 12.0 1.138
13 33 8.0 0.665
13 34 8.0 1.167
13 35 11.0 0.724
13 36 7.0 1.239
13 37 7.0 0.802
13 38 9.0 0.601
13 39 12.0 1.281
13 40 12.0 1.204
13 41 12.0 1.1
13 42 10.0 1.295
13 43 6.0 1.084
13 44 6.0 0.821
13 45 10.0 1.245
13 46 6.0 1.023
13 47 5.0 0.736
13 48 12.0 1.274
13 49 5.0 0.826
14 15 7.0 0.734
14 16 12.0 0.95
14 17 9.0 0.827
14 18 7.0 0.981
14 19 10.0 1.016
14 20 8.0 1.105
14 21 16.0 0.66
14 22 7.0 1.274
14 23 6.0 0.875
14 24 12.0 1.198
14 25 6.0 1.187
14 26 9.0 1.255
14 27 7.0 0.966
14 28 5.0 0.854
14 29 7.0 0.835
14 30 11.0 0.668
14 31 12.0 0.699
14 32 8.0 1.283
14 33 7.0 1.24
14 34 9.0 1.277
14 35 7.0 1.13
14 36 5.0 1.037
14 37 9.0 1.137
14 38 11.0 0.689
14 39 8.0 0.779
14 40 9.0 1.197
14 41 12.0 0.862
14 42 20.0 0.741
14 43 10.0 0.821
14 44 7.0 0.843
14 45 13.0 0.738
14 46 9.0 1.039
14 47 5.0 1.006
14 48 7.0 1.289
14 49 7.0 1.177
15 16 12.0 1.087
15 17 12.0 0.954
15 18 11.0 1.088
15 19 9.0 1.14
15 20 12.0 0.66
15 21 6.0 1.11
15 22 12.0 1.074
15 23 8.0 1.145
15 24 9.0 0.621
15 25 7.0 0.777
15 26 6.0 0.805
15 27 5.0 1.202
15 28 12.0 1.155
15 29 5.0 0.902
15 30 11.0 1.177
15 31 6.0 0.865
15 32 8.0 0.764
15 33 5.0 1.119
15 34 8.0 0.69
15 35 10.0 1.097
15 36 7.0 1.043
15 37 9.0 1.147
15 38 6.0 0.787
15 39 10.0 1.25
15 40 6.0 0.719
15 41 9.0 1.117
15 42 12.0 0.857
15 43 12.0 1.169
15 44 7.0 0.872
15 45 11.0 0.953
15 46 7.0 0.967
15 47 18.0 0.657
15 48 11.0 0.65
15 49 11.0 1.191
16 17 6.0 0.753
16 18 7.0 0.98
16 19 6.0 0.648
16 20 12.0 0.661
16 21 8.0 0.749
16 22 8.0 1.021
16 23 7.0 0.796
16 24 6.0 1.096
16 25 7.0 0.648
16 26 11.0 0.948
16 27 5.0 0.943
16 28 9.0 0.643
16 29 18.0 0.676
16 30 16.0 0.667
16 31 11.0 1.191
16 32 12.0 1.288
16 33 7.0 1.176
16 34 6.0 0.616
16 35 9.0 0.889
16 36 10.0 1.035
16 37 10.0 0.698
16 38 15.0 0.682
16 39 6.0 1.143
16 40 12.0 1.081
16 41 8.0 1.139
16 42 12.0 0.999
16 43 9.0 1.088
16 44 10.0 1.067
16 45 11.0 1.235
16 46 5.0 0.676
16 47 8.0 0.707
16 48 10.0 0.795
16 49 12.0 0.67
17 18 5.0 0.643
17 19 12.0 1.118
17 20 9.0 1.134
17 21 11.0 0.759
17 22 12.0 0.904
17 23 5.0 0.756
17 24 17.0 0.759
17 25 8.0 1.139
17 26 11.0 0.78
17 27 8.0 0.92
17 28 10.0 1.098
17 29 7.0 0.814
17 30 9.0 1.114
17 31 6.0 0.702
17 32 5.0 0.824
17 33 12.0 0.694
17 34 7.0 1.154
17 35 10.0 0.884
17 36 9.0 1.231
17 37 10.0 0.677
17 38 5.0 0.802
17 39 6.0 0.863
17 40 8.0 0.966
17 41 12.0 0.731
17 42 6.0 0.969
17 43 9.0 0.907
17 44 8.0 1.288
17 45 6.0 1.168
17 46 12.0 1.125
17 47 7.0 0.764
17 48 12.0 0.712
17 49 12.0 0.704
18 19 10.0 0.933
18 20 20.0 0.688
18 21 10.0 1.195
18 22 5.0 1.088
18 23 12.0 0.801
18 24 8.0 0.751
18 25 9.0 1.146
18 26 20.0 0.666
18 27 7.0 1.226
18 28 8.0 1.108
18 29 9.0 0.98
18 30 12.0 0.665
18 31 7.0 0.823
18 32 9.0 0.655
18 33 8.0 0.888
18 34 8.0 0.846
18 35 12.0 1.253
18 36 9.0 0.968
18 37 6.0 1.087
18 38 11.0 1.243
18 39 10.0 0.648
18 40 8.0 0.977
18 41 12.0 0.797
18 42 6.0 0.648
18 43 5.0 0.88
18 44 5.0 1.227
18 45 5.0 1.199
18 46 8.0 0.648
18 47 7.0 0.968
18 48 8.0 1.125
18 49 11.0 0.852
19 20 5.0 1.226
19 21 10.0 0.679
19 22 11.0 0.764
19 23 10.0 1.178
19 24 12.0 0.945
19 25 5.0 1.054
19 26 7.0 1.251
19 27 11.0 0.617
19 28 10.0 0.729
19 29 9.0 0.623
19 30 6.0 1.287
19 31 12.0 0.748
19 32 20.0 0.703
19 33 5.0 1.245
19 34 7.0 1.127
19 35 6.0 1.108
19 36 8.0 0.81
19 37 7.0 1.019
19 38 5.0 1.211
19 39 9.0 0.701
19 40 5.0 0.996
19 41 5.0 0.809
19 42 5.0 1.158
19 43 9.0 1.095
19 44 12.0 0.749
19 45 11.0 0.977
19 46 17.0 0.669
19 47 8.0 0.974
19 48 12.0 1.112
19 49 11.0 1.192
20 21 12.0 0.612
20 22 12.0 0.669
20 23 5.0 0.849
20 24 11.0 1.164
20 25 8.0 1.232
20 26 11.0 0.73
20 27 10.0 1.292
20 28 11.0 0.809
20 29 10.0 0.83
20 30 12.0 1.237
20 31 10.0 0.952
20 32 11.0 0.813
20 33 11.0 1.231
20 34 5.0 1.115
20 35 8.0 0.911
20 36 10.0 0.759
20 37 5.0 0.661
20 38 10.0 0.868
20 39 9.0 0.752
20 40 6.0 1.205
20 41 5.0 0.926
20 42 10.0 1.034
20 43 6.0 1.169
20 44 5.0 1.188
20 45 8.0 0.984
20 46 11.0 0.958
20 47 9.0 0.69
20 48 10.0 1.067
20 49 9.0 0.998
21 22 8.0 1.009
21 23 11.0 1.213
21 24 12.0 1.209
21 25 8.0 0.998
21 26 12.0 0.854
21 27 10.0 0.801
21 28 5.0 0.75
21 29 6.0 1.156
21 30 7.0 0.665
21 31 14.0 0.731
21 32 11.0 1.228
21 33 10.0 0.675
21 34 7.0 0.794
21 35 5.0 1.009
21 36 9.0 1.257
21 37 10.0 0.677
21 38 5.0 0.866
21 39 12.0 0.615
21 40 11.0 0.639
21 41 10.0 0.772
21 42 19.0 0.717
21 43 9.0 0.867
21 44 9.0 0.751
21 45 15.0 0.748
21 46 10.0 0.66
21 47 5.0 1.058
21 48 6.0 0.748
21 49 7.0 0.976
22 23 5.0 1.14
22 24 5.0 1.076
22 25 11.0 1.057
22 26 11.0 0.887
22 27 10.0 0.676
22 28 5.0 0.614
22 29 5.0 0.718
22 30 9.0 0.958
22 31 5.0 1.216
22 32 11.0 0.886
22 33 11.0 0.781
22 34 7.0 1.172
22 35 16.0 0.769
22 36 12.0 0.718
22 37 7.0 0.779
22 38 7.0 1.13
22 39 9.0 1.041
22 40 5.0 1.035
22 41 10.0 1.028
22 42 11.0 0.617
22 43 9.0 1.057
22 44 8.0 0.949
22 45 9.0 1.104
22 46 10.0 0.67
22 47 12.0 0.924
22 48 10.0 0.626
22 49 9.0 0.855
23 24 5.0 0.766
23 25 11.0 0.834
23 26 10.0 1.202
23 27 10.0 1.009
23 28 6.0 0.957
23 29 10.0 0.605
23 30 10.0 1.171
23 31 9.0 0.63
23 32 5.0 1.2
23 33 9.0 0.879
23 34 9.0 1.164
23 35 11.0 0.935
23 36 15.0 0.723
23 37 9.0 0.773
23 38 12.0 1.075
23 39 11.0 0.926
23 40 11.0 0.98
23 41 9.0 1.207
23 42 6.0 1.078
23 43 14.0 0.734
23 44 6.0 1.281
23 45 11.0 1.014
23 46 7.0 0.986
23 47 5.0 1.088
23 48 5.0 0.779
23 49 12.0 0.985
24 25 7.0 0.677
24 26 8.0 1.033
24 27 9.0 1.026
24 28 10.0 0.98
24 29 7.0 1.16
24 30 9.0 1.288
24 31 11.0 1.242
24 32 8.0 1.042
24 33 12.0 0.785
24 34 6.0 0.752
24 35 12.0 1.285
24 36 5.0 0.661
24 37 17.0 0.682
24 38 9.0 0.95
24 39 5.0 1.101
24 40 8.0 0.795
24 41 16.0 0.745
24 42 6.0 1.054
24 43 10.0 1.029
24 44 10.0 0.758
24 45 6.0 0.961
24 46 7.0 0.897
24 47 9.0 1.296
24 48 10.0 1.071
24 49 5.0 0.972
25 26 12.0 0.815
25 27 10.0 0.708
25 28 10.0 0.653
25 29 7.0 1.281
25 30 5.0 0.702
25 31 9.0 0.968
25 32 7.0 1.105
25 33 8.0 0.85
25 34 6.0 0.688
25 35 9.0 0.787
25 36 10.0 1.138
25 37 10.0 0.732
25 38 5.0 1.009
25 39 14.0 0.666
25 40 5.0 0.959
25 41 6.0 1.206
25 42 9.0 1.123
25 43 8.0 0.696
25 44 11.0 0.689
25 45 7.0 1.243
25 46 8.0 0.621
25 47 9.0 1.047
25 48 8.0 1.263
25 49 10.0 0.942
26 27 10.0 1.19
26 28 12.0 1.015
26 29 7.0 0.613
26 30 6.0 1.211
26 31 12.0 0.865
26 32 7.0 1.052
26 33 10.0 1.027
26 34 9.0 0.956
26 35 6.0 1.238
26 36 12.0 0.908
26 37 11.0 0.673
26 38 7.0 0.635
26 39 10.0 0.694
26 40 12.0 0.89
26 41 6.0 0.86
26 42 10.0 0.889
26 43 10.0 0.677
26 44 6.0 0.792
26 45 6.0 1.146
26 46 10.0 1.05
26 47 7.0 0.604
26 48 7.0 1.294
26 49 10.0 0.898
27 28 11.0 0.79
27 29 8.0 0.628
27 30 5.0 0.967
27 31 10.0 1.284
27 32 6.0 0.966
27 33 5.0 0.607
27 34 7.0 0.972
27 35 19.0 0.726
27 36 7.0 0.793
27 37 11.0 0.969
27 38 11.0 1.016
27 39 5.0 1.298
27 40 8.0 0.656
27 41 7.0 1.108
27 42 6.0 1.267
27 43 9.0 1.028
27 44 10.0 0.958
27 45 11.0 0.942
27 46 8.0 0.978
27 47 12.0 1.298
27 48 6.0 0.9
27 49 12.0 1.127
28 29 6.0 0.863
28 30 5.0 1.207
28 31 10.0 0.653
28 32 11.0 0.7
28 33 7.0 0.765
28 34 9.0 0.795
28 35 7.0 1.154
28 36 8.0 1.005
28 37 9.0 0.917
28 38 6.0 0.607
28 39 11.0 1.132
28 40 11.0 0.92
28 41 7.0 1.025
28 42 5.0 1.057
28 43 5.0 0.957
28 44 10.0 0.659
28 45 7.0 1.14
28 46 14.0 0.691
28 47 9.0 1.237
28 48 11.0 1.183
28 49 12.0 0.975
29 30 18.0 0.762
29 31 10.0 1.045
29 32 6.0 1.192
29 33 5.0 0.704
29 34 11.0 1.098
29 35 10.0 0.715
29 36 8.0 1.001
29 37 11.0 0.689
29 38 17.0 0.757
29 39 9.0 0.613
29 40 5.0 1.276
29 41 12.0 0.64
29 42 7.0 1.182
29 43 12.0 1.17
29 44 10.0 0.853
29 45 11.0 0.715
29 46 11.0 0.6
29 47 8.0 0.956
29 48 6.0 1.258
29 49 11.0 0.696
30 31 12.0 1.273
30 32 11.0 0.776
30 33 6.0 1.132
30 34 9.0 1.201
30 35 11.0 1.286
30 36 6.0 1.082
30 37 12.0 1.178
30 38 10.0 0.729
30 39 11.0 0.748
30 40 10.0 1.287
30 41 10.0 0.966
30 42 11.0 1.296
30 43 7.0 0.725
30 44 10.0 0.789
30 45 9.0 0.798
30 46 6.0 0.613
30 47 5.0 1.097
30 48 7.0 1.2
30 49 9.0 0.627
31 32 7.0 0.785
31 33 10.0 0.865
31 34 7.0 0.697
31 35 6.0 1.279
31 36 10.0 1.228
31 37 8.0 1.062
31 38 7.0 1.298
31 39 6.0 0.632
31 40 12.0 0.707
31 41 10.0 0.995
31 42 16.0 0.771
31 43 12.0 0.92
31 44 9.0 0.709
31 45 10.0 0.675
31 46 11.0 1.292
31 47 7.0 0.903
31 48 5.0 0.883
31 49 5.0 0.855
32 33 11.0 0.977
32 34 11.0 0.849
32 35 6.0 1.091
32 36 10.0 0.715
32 37 5.0 1.201
32 38 8.0 0.776
32 39 7.0 0.607
32 40 12.0 1.155
32 41 11.0 1.132
32 42 11.0 1.291
32 43 5.0 0.998
32 44 7.0 0.677
32 45 10.0 0.789
32 46 19.0 0.688
32 47 6.0 0.951
32 48 10.0 0.658
32 49 8.0 0.83
33 34 11.0 0.718
33 35 7.0 0.648
33 36 11.0 1.184
33 37 12.0 1.082
33 38 12.0 0.751
33 39 5.0 1.007
33 40 18.0 0.732
33 41 6.0 0.979
33 42 12.0 0.669
33 43 5.0 1.189
33 44 12.0 0.668
33 45 8.0 1.269
33 46 5.0 0.785
33 47 7.0 0.837
33 48 11.0 1.133
33 49 15.0 0.672
34 35 8.0 0.705
34 36 9.0 0.858
34 37 11.0 0.696
34 38 9.0 0.935
34 39 11.0 1.188
34 40 12.0 0.71
34 41 11.0 0.652
34 42 7.0 0.759
34 43 8.0 0.951
34 44 8.0 0.955
34 45 9.0 1.248
34 46 5.0 1.044
34 47 7.0 1.023
34 48 12.0 1.166
34 49 10.0 0.701
35 36 6.0 1.21
35 37 9.0 0.75
35 38 6.0 1.076
35 39 5.0 0.81
35 40 7.0 1.218
35 41 8.0 1.152
35 42 11.0 1.231
35 43 10.0 0.729
35 44 6.0 0.75
35 45 12.0 0.661
35 46 9.0 0.731
35 47 5.0 1.258
35 48 8.0 0.933
35 49 5.0 0.784
36 37 11.0 1.176
36 38 9.0 0.979
36 39 11.0 0.779
36 40 9.0 1.007
36 41 11.0 0.992
36 42 7.0 1.198
36 43 15.0 0.722
36 44 9.0 0.704
36 45 5.0 0.846
36 46 8.0 0.875
36 47 8.0 1.188
36 48 5.0 1.235
36 49 5.0 0.652
37 38 6.0 0.616
37 39 10.0 0.754
37 40 10.0 0.829
37 41 20.0 0.753
37 42 7.0 1.256
37 43 7.0 0.961
37 44 7.0 1.081
37 45 5.0 1.292
37 46 12.0 0.662
37 47 8.0 1.208
37 48 9.0 0.706
37 49 7.0 0.782
38 39 5.0 1.007
38 40 10.0 0.75
38 41 5.0 0.898
38 42 6.0 0.959
38 43 12.0 0.661
38 44 8.0 0.897
38 45 6.0 0.955
38 46 7.0 0.649
38 47 5.0 1.211
38 48 8.0 0.629
38 49 8.0 0.878
39 40 6.0 0.633
39 41 9.0 0.814
39 42 7.0 1.231
39 43 8.0 0.81
39 44 17.0 0.733
39 45 12.0 0.748
39 46 7.0 1.101
39 47 12.0 0.976
39 48 8.0 0.654
39 49 11.0 0.684
40 41 8.0 0.61
40 42 6.0 0.87
40 43 9.0 1.2
40 44 9.0 1.218
40 45 10.0 1.078
40 46 9.0 0.684
40 47 12.0 0.645
40 48 9.0 0.715
40 49 11.0 0.767
41 42 8.0 0.951
41 43 10.0 0.829
41 44 7.0 1.298
41 45 5.0 1.294
41 46 5.0 1.26
41 47 11.0 0.824
41 48 6.0 0.899
41 49 9.0 0.629
42 43 11.0 0.804
42 44 12.0 1.073
42 45 10.0 0.719
42 46 10.0 0.742
42 47 7.0 0.613
42 48 12.0 1.158
42 49 7.0 0.666
43 44 7.0 0.66
43 45 11.0 0.878
43 46 12.0 1.072
43 47 12.0 0.912
43 48 6.0 0.927
43 49 6.0 1.06
44 45 7.0 1.039
44 46 12.0 0.895
44 47 8.0 0.767
44 48 8.0 0.677
44 49 6.0 0.79
45 46 5.0 0.976
45 47 9.0 1.237
45 48 11.0 0.816
45 49 11.0 0.723
46 47 6.0 1.25
46 48 9.0 1.195
46 49 7.0 0.873
47 48 13.0 0.688
47 49 8.0 0.775
48 49 9.0 1.054
