50
82.002
0 1 2.002 0.002
0 2 4.005 0.003
0 3 0.001 0.004
0 4 10.002 0.002
0 5 0.009 0.004
0 6 2.006 0.002
0 7 2.008 2.007
0 8 5.006 0.008
0 9 0.009 0.006
0 10 6.003 0.01
0 11 0.002 9.97
0 12 0.009 3.164
0 13 0.004 9.31
0 14 0.003 8.204
0 15 0.009 1.008
0 16 0.009 6.647
0 17 0.008 6.084
0 18 0.008 5.321
0 19 0.006 4.189
0 20 0.01 9.887
0 21 0.007 4.879
0 22 0.007 5.582
0 23 0.008 3.539
0 24 0.007 6.638
0 25 0.009 6.086
0 26 0.005 2.046
0 27 0.003 3.842
0 28 0.005 8.824
0 29 0.008 6.736
0 30 0.005 6.442
0 31 0.005 2.326
0 32 0.01 3.324
0 33 0.006 9.237
0 34 0.002 2.6
0 35 0.008 2.481
0 36 0.008 4.815
0 37 0.009 9.887
0 38 0.007 7.308
0 39 0.007 4.531
0 40 0.004 4.202
0 41 0.006 7.29
0 42 0.002 2.043
0 43 0.006 9.846
0 44 0.003 3.835
0 45 0.007 7.705
0 46 0.003 5.461
0 47 0.005 3.462
0 48 0.007 9.235
0 49 0.003 4.173
1 2 0.006 0.002
1 3 3.005 0.005
1 4 0.008 3.009
1 5 1.004 0.002
1 6 4.009 0.004
1 7 4.005 0.003
1 8 0.001 0.003
1 9 1.001 0.01
1 10 2.003 0.003
1 11 0.001 1.227
1 12 0.001 6.53
1 13 0.003 4.256
1 14 0.001 9.9
1 15 0.006 5.904
1 16 0.001 6.966
1 17 0.008 8.081
1 18 0.004 5.956
1 19 0.005 5.992
1 20 0.005 1.541
1 21 0.003 6.745
1 22 0.009 9.494
1 23 0.007 7.776
1 24 0.003 3.23
1 25 0.006 1.943
1 26 0.006 1.127
1 27 0.006 5.346
1 28 0.006 4.384
1 29 0.004 8.358
1 30 0.002 3.914
1 31 0.001 2.101
1 32 0.008 4.912
1 33 0.005 8.353
1 34 0.001 3.893
1 35 0.006 4.74
1 36 0.008 9.133
1 37 0.004 9.139
1 38 0.005 1.162
1 39 0.003 2.275
1 40 0.004 7.012
1 41 0.006 7.399
1 42 0.01 7.003
1 43 0.002 5.907
1 44 0.005 6.557
1 45 0.003 8.418
1 46 0.002 6.395
1 47 0.002 3.016
1 48 0.005 4.34
1 49 0.009 1.334
2 3 0.009 3.005
2 4 0.006 0.004
2 5 13.001 0.002
2 6 0.005 0.006
2 7 7.003 0.005
2 8 0.008 0.005
2 9 0.005 0.001
2 10 0.009 0.009
2 11 0.004 4.46
2 12 0.005 5.734
2 13 0.008 1.998
2 14 0.002 5.388
2 15 0.009 8.25
2 16 0.005 5.529
2 17 0.002 9.404
2 18 0.009 7.523
2 19 0.007 2.993
2 20 0.002 5.529
2 21 0.003 8.746
2 22 0.008 1.301
2 23 0.007 4.088
2 24 0.008 9.421
2 25 0.006 9.076
2 26 0.006 8.834
2 27 0.008 6.134
2 28 0.007 3.373
2 29 0.008 8.02
2 30 0.006 5.071
2 31 0.004 3.97
2 32 0.009 5.767
2 33 0.002 7.505
2 34 0.004 3.102
2 35 0.003 1.711
2 36 0.002 3.079
2 37 0.002 9.904
2 38 0.003 5.421
2 39 0.006 4.83
2 40 0.005 4.6
2 41 0.002 1.485
2 42 0.002 2.458
2 43 0.009 3.868
2 44 0.007 8.038
2 45 0.001 9.652
2 46 0.007 6.111
2 47 0.001 7.173
2 48 0.005 2.672
2 49 0.004 8.055
3 4 0.007 0.007
3 5 9.006 0.004
3 6 1.005 0.005
3 7 0.007 0.003
3 8 4.004 0.01
3 9 0.009 0.004
3 10 8.007 0.002
3 11 0.008 5.774
3 12 0.001 4.805
3 13 0.002 4.46
3 14 0.005 3.9
3 15 0.006 3.114
3 16 0.006 9.701
3 17 0.007 7.916
3 18 0.009 3.881
3 19 0.007 2.275
3 20 0.009 9.749
3 21 0.006 5.858
3 22 0.006 8.74
3 23 0.005 8.981
3 24 0.002 2.747
3 25 0.009 3.568
3 26 0.007 4.447
3 27 0.004 4.704
3 28 0.004 9.548
3 29 0.008 3.933
3 30 0.009 9.912
3 31 0.004 2.137
3 32 0.007 5.445
3 33 0.009 3.175
3 34 0.001 4.421
3 35 0.003 8.709
3 36 0.008 5.201
3 37 0.008 4.328
3 38 0.008 1.97
3 39 0.002 6.068
3 40 0.003 2.026
3 41 0.002 4.108
3 42 0.009 9.259
3 43 0.003 1.322
3 44 0.004 2.626
3 45 0.007 7.467
3 46 0.003 9.285
3 47 0.004 7.648
3 48 0.006 5.569
3 49 0.007 8.829
4 5 7.007 0.003
4 6 0.001 0.002
4 7 2.004 0.006
4 8 0.007 1.004
4 9 2.009 0.01
4 10 0.001 0.003
4 11 0.008 8.483
4 12 0.006 7.984
4 13 0.01 8.011
4 14 0.005 9.609
4 15 0.001 8.252
4 16 0.005 5.596
4 17 0.001 6.51
4 18 0.01 3.377
4 19 0.008 9.91
4 20 0.009 4.114
4 21 0.005 2.038
4 22 0.006 2.566
4 23 0.004 2.643
4 24 0.002 2.479
4 25 0.009 1.539
4 26 0.008 7.27
4 27 0.008 3.406
4 28 0.003 9.629
4 29 0.003 8.257
4 30 0.007 2.959
4 31 0.007 7.527
4 32 0.004 5.612
4 33 0.003 5.077
4 34 0.007 7.037
4 35 0.005 1.216
4 36 0.007 6.988
4 37 0.004 3.449
4 38 0.004 1.202
4 39 0.006 7.881
4 40 0.008 9.622
4 41 0.008 8.694
4 42 0.005 1.412
4 43 0.009 3.079
4 44 0.008 2.197
4 45 0.004 3.225
4 46 0.003 3.623
4 47 0.004 3.763
4 48 0.005 4.549
4 49 0.002 3.558
5 6 2.009 0.002
5 7 0.01 0.001
5 8 2.006 0.003
5 9 2.004 0.004
5 10 1.008 0.005
5 11 0.008 1.86
5 12 0.001 8.725
5 13 0.009 6.208
5 14 0.008 7.351
5 15 0.006 2.131
5 16 0.009 7.443
5 17 0.008 1.317
5 18 0.005 3.483
5 19 0.009 9.164
5 20 0.004 8.018
5 21 0.009 4.472
5 22 0.008 4.633
5 23 0.001 8.766
5 24 0.008 3.035
5 25 0.009 1.45
5 26 0.009 7.254
5 27 0.003 2.225
5 28 0.01 8.468
5 29 0.006 5.988
5 30 0.01 7.774
5 31 0.009 2.832
5 32 0.009 1.15
5 33 0.004 5.697
5 34 0.004 5.783
5 35 0.002 4.418
5 36 0.003 2.4
5 37 0.004 7.751
5 38 0.003 2.95
5 39 0.007 2.199
5 40 0.008 6.852
5 41 0.003 2.451
5 42 0.008 2.939
5 43 0.008 8.409
5 44 0.004 4.488
5 45 0.003 6.624
5 46 0.008 5.014
5 47 0.001 4.416
5 48 0.005 6.673
5 49 0.005 5.378
6 7 0.003 0.005
6 8 5.006 0.008
6 9 0.01 0.01
6 10 5.003 0.001
6 11 0.003 1.305
6 12 0.005 1.798
6 13 0.008 5.953
6 14 0.004 6.265
6 15 0.001 5.787
6 16 0.008 4.433
6 17 0.005 6.397
6 18 0.006 1.346
6 19 0.009 7.899
6 20 0.005 3.995
6 21 0.003 6.315
6 22 0.007 3.457
6 23 0.002 4.836
6 24 0.007 9.102
6 25 0.003 2.297
6 26 0.005 6.431
6 27 0.008 2.608
6 28 0.002 6.185
6 29 0.001 7.94
6 30 0.006 3.43
6 31 0.006 1.904
6 32 0.007 5.414
6 33 0.008 2.457
6 34 0.005 9.336
6 35 0.009 3.864
6 36 0.003 2.387
6 37 0.01 5.127
6 38 0.004 4.142
6 39 0.008 6.851
6 40 0.007 2.475
6 41 0.01 7.442
6 42 0.009 4.739
6 43 0.008 5.283
6 44 0.008 8.38
6 45 0.01 1.053
6 46 0.007 1.282
6 47 0.003 4.391
6 48 0.003 5.334
6 49 0.004 3.727
7 8 0.008 4.003
7 9 3.005 0.009
7 10 4.006 0.007
7 11 0.005 3.395
7 12 0.004 8.194
7 13 0.01 6.402
7 14 0.007 3.691
7 15 0.005 7.17
7 16 0.005 4.564
7 17 0.009 2.071
7 18 0.002 3.918
7 19 0.004 9.16
7 20 0.006 6.115
7 21 0.001 6.257
7 22 0.007 7.564
7 23 0.002 2.779
7 24 0.007 9.72
7 25 0.009 4.446
7 26 0.008 2.811
7 27 0.002 1.446
7 28 0.005 9.313
7 29 0.005 3.233
7 30 0.004 8.244
7 31 0.01 5.95
7 32 0.005 3.808
7 33 0.01 8.454
7 34 0.009 6.4
7 35 0.001 6.811
7 36 0.006 2.585
7 37 0.005 1.476
7 38 0.004 1.674
7 39 0.01 4.467
7 40 0.01 3.674
7 41 0.007 7.366
7 42 0.005 3.192
7 43 0.007 6.972
7 44 0.004 1.243
7 45 0.008 3.086
7 46 0.01 7.056
7 47 0.009 1.528
7 48 0.004 7.925
7 49 0.003 6.526
8 9 1.005 0.007
8 10 0.008 0.007
8 11 0.005 4.849
8 12 0.005 1.672
8 13 0.01 7.149
8 14 0.002 2.81
8 15 0.003 1.695
8 16 0.004 7.643
8 17 0.002 9.447
8 18 0.007 9.391
8 19 0.009 5.388
8 20 0.002 4.767
8 21 0.002 1.286
8 22 0.007 7.572
8 23 0.002 5.028
8 24 0.005 2.488
8 25 0.006 2.852
8 26 0.004 9.307
8 27 0.006 8.571
8 28 0.005 9.346
8 29 0.001 3.216
8 30 0.006 1.073
8 31 0.002 3.248
8 32 0.002 6.895
8 33 0.006 8.905
8 34 0.009 9.034
8 35 0.003 8.537
8 36 0.006 4.807
8 37 0.006 6.963
8 38 0.009 9.331
8 39 0.01 7.416
8 40 0.004 9.182
8 41 0.001 5.124
8 42 0.01 9.736
8 43 0.002 2.809
8 44 0.003 4.501
8 45 0.003 4.054
8 46 0.002 3.779
8 47 0.007 2.003
8 48 0.003 1.124
8 49 0.006 6.823
9 10 1.009 0.008
9 11 0.002 3.158
9 12 0.002 8.821
9 13 0.002 4.769
9 14 0.002 8.343
9 15 0.004 1.885
9 16 0.01 6.624
9 17 0.005 8.038
9 18 0.005 4.869
9 19 0.007 1.094
9 20 0.009 2.209
9 21 0.002 5.582
9 22 0.006 2.555
9 23 0.01 9.682
9 24 0.01 8.156
9 25 0.005 6.021
9 26 0.009 2.045
9 27 0.009 5.699
9 28 0.003 6.62
9 29 0.007 2.025
9 30 0.003 6.754
9 31 0.007 6.584
9 32 0.002 6.002
9 33 0.01 7.294
9 34 0.003 7.934
9 35 0.005 1.85
9 36 0.004 8.623
9 37 0.005 8.256
9 38 0.002 3.007
9 39 0.005 4.066
9 40 0.002 2.669
9 41 0.004 8.033
9 42 0.002 5.449
9 43 0.002 8.759
9 44 0.006 4.974
9 45 0.002 1.524
9 46 0.006 9.834
9 47 0.003 1.358
9 48 0.002 9.573
9 49 0.007 8.514
10 11 0.009 4.54
10 12 0.004 6.803
10 13 0.007 4.432
10 14 0.005 4.381
10 15 0.003 2.051
10 16 0.006 9.414
10 17 0.007 8.836
10 18 0.007 3.029
10 19 0.004 1.885
10 20 0.004 1.634
10 21 0.002 3.193
10 22 0.008 4.008
10 23 0.009 2.489
10 24 0.005 3.329
10 25 0.005 1.465
10 26 0.004 6.608
10 27 0.002 7.418
10 28 0.005 8.418
10 29 0.002 8.309
10 30 0.006 9.347
10 31 0.005 2.102
10 32 0.009 7.494
10 33 0.002 7.868
10 34 0.005 7.249
10 35 0.007 8.08
10 36 0.009 6.604
10 37 0.004 8.942
10 38 0.003 1.044
10 39 0.008 6.891
10 40 0.005 3.25
10 41 0.008 1.253
10 42 0.008 3.652
10 43 0.007 5.301
10 44 0.01 9.9
10 45 0.002 7.547
10 46 0.002 9.75
10 47 0.009 2.756
10 48 0.005 3.889
10 49 0.006 2.895
11 12 0.002 0.007
11 13 9.002 0.001
11 14 0.005 0.005
11 15 0.008 0.002
11 16 2.009 0.008
11 17 0.01 0.006
11 18 0.007 0.007
11 19 2.002 0.008
11 20 0.01 0.009
11 21 0.007 0.007
11 22 0.007 0.007
11 23 1.008 0.003
11 24 0.007 0.002
11 25 1.005 0.009
11 26 0.004 0.004
11 27 0.01 2.844
11 28 0.005 5.868
11 29 0.009 4.129
11 30 0.008 7.823
11 31 0.005 1.487
11 32 0.006 3.939
11 33 0.003 5.046
11 34 0.002 8.659
11 35 0.002 6.186
11 36 0.008 2.511
11 37 0.002 8.473
11 38 0.009 4.684
11 39 0.004 6.945
11 40 0.005 3.925
11 41 0.003 5.552
11 42 0.007 8.586
11 43 0.002 9.918
11 44 0.002 9.044
11 45 0.006 4.308
11 46 0.001 5.258
11 47 0.003 2.843
11 48 0.004 9.659
11 49 0.009 4.035
12 13 0.008 0.005
12 14 0.009 0.006
12 15 1.008 0.008
12 16 0.002 2.002
12 17 0.007 0.003
12 18 2.009 0.005
12 19 0.007 0.005
12 20 3.003 0.006
12 21 0.001 1.009
12 22 0.005 0.005
12 23 3.005 0.006
12 24 0.005 0.005
12 25 0.005 0.009
12 26 0.01 0.01
12 27 0.009 2.014
12 28 0.002 4.834
12 29 0.005 4.615
12 30 0.006 6.364
12 31 0.007 9.006
12 32 0.005 1.281
12 33 0.01 7.871
12 34 0.009 1.245
12 35 0.006 7.806
12 36 0.009 7.712
12 37 0.002 1.929
12 38 0.007 8.121
12 39 0.003 7.629
12 40 0.01 1.339
12 41 0.004 7.646
12 42 0.004 7.294
12 43 0.004 1.352
12 44 0.003 6.955
12 45 0.002 4.323
12 46 0.005 1.468
12 47 0.006 5.144
12 48 0.005 1.593
12 49 0.005 5.435
13 14 0.002 0.006
13 15 1.002 0.01
13 16 0.007 0.008
13 17 0.003 0.01
13 18 9.007 0.006
13 19 0.004 1.005
13 20 5.007 0.006
13 21 0.007 0.002
13 22 0.009 0.006
13 23 2.002 0.008
13 24 0.006 0.004
13 25 0.003 0.001
13 26 0.006 0.003
13 27 0.005 9.09
13 28 0.009 2.813
13 29 0.003 3.236
13 30 0.007 3.085
13 31 0.008 6.944
13 32 0.004 4.876
13 33 0.006 1.108
13 34 0.009 3.127
13 35 0.01 2.886
13 36 0.008 8.545
13 37 0.008 5.116
13 38 0.009 1.744
13 39 0.005 7.969
13 40 0.008 6.491
13 41 0.004 7.957
13 42 0.006 3.293
13 43 0.003 7.04
13 44 0.007 7.193
13 45 0.008 6.111
13 46 0.01 3.863
13 47 0.01 9.673
13 48 0.002 4.845
13 49 0.004 5.741
14 15 0.005 0.002
14 16 0.008 0.007
14 17 2.008 0.008
14 18 0.009 0.004
14 19 0.001 0.001
14 20 10.006 0.006
14 21 0.005 0.005
14 22 1.003 0.004
14 23 0.009 0.003
14 24 7.009 3.003
14 25 0.002 0.007
14 26 0.005 0.007
14 27 0.004 9.354
14 28 0.007 3.179
14 29 0.004 8.633
14 30 0.004 3.196
14 31 0.007 9.645
14 32 0.002 5.045
14 33 0.004 8.727
14 34 0.008 2.933
14 35 0.01 5.384
14 36 0.001 1.449
14 37 0.004 1.418
14 38 0.007 2.227
14 39 0.002 2.331
14 40 0.007 2.025
14 41 0.007 2.925
14 42 0.008 1.93
14 43 0.003 2.213
14 44 0.008 9.87
14 45 0.008 2.499
14 46 0.005 9.413
14 47 0.002 1.824
14 48 0.008 2.703
14 49 0.01 6.546
15 16 0.007 0.008
15 17 0.004 0.004
15 18 4.003 0.005
15 19 0.003 0.004
15 20 5.004 0.006
15 21 0.007 0.008
15 22 6.003 0.006
15 23 0.002 0.002
15 24 9.003 0.002
15 25 0.01 0.008
15 26 0.002 0.007
15 27 0.008 4.069
15 28 0.01 2.73
15 29 0.002 8.559
15 30 0.001 4.265
15 31 0.003 8.167
15 32 0.007 4.437
15 33 0.005 7.847
15 34 0.005 6.197
15 35 0.01 1.148
15 36 0.004 7.936
15 37 0.005 9.304
15 38 0.008 3.338
15 39 0.002 5.649
15 40 0.009 1.317
15 41 0.007 4.255
15 42 0.001 3.313
15 43 0.008 6.81
15 44 0.003 9.809
15 45 0.002 5.776
15 46 0.006 2.072
15 47 0.009 7.752
15 48 0.007 7.187
15 49 0.006 5.107
16 17 0.002 1.005
16 18 0.008 0.004
16 19 4.002 0.007
16 20 0.001 0.006
16 21 6.008 0.008
16 22 0.001 0.005
16 23 0.003 0.007
16 24 0.006 0.002
16 25 0.005 0.007
16 26 2.001 0.005
16 27 0.007 7.505
16 28 0.003 2.218
16 29 0.007 2.361
16 30 0.009 4.641
16 31 0.008 9.821
16 32 0.003 5.418
16 33 0.003 4.269
16 34 0.005 8.509
16 35 0.007 2.322
16 36 0.008 5.178
16 37 0.005 9.799
16 38 0.002 7.583
16 39 0.01 6.89
16 40 0.006 3.62
16 41 0.007 7.695
16 42 0.009 3.957
16 43 0.007 4.828
16 44 0.007 1.431
16 45 0.007 6.471
16 46 0.007 4.589
16 47 0.003 3.499
16 48 0.007 1.537
16 49 0.01 2.025
17 18 0.01 0.007
17 19 0.001 0.005
17 20 0.004 0.006
17 21 0.01 0.007
17 22 2.002 2.009
17 23 0.002 0.003
17 24 0.01 0.007
17 25 7.006 0.003
17 26 0.004 0.002
17 27 0.001 1.367
17 28 0.008 8.914
17 29 0.005 3.543
17 30 0.004 8.07
17 31 0.003 4.197
17 32 0.009 3.252
17 33 0.008 6.648
17 34 0.003 4.386
17 35 0.006 7.294
17 36 0.009 9.335
17 37 0.008 1.633
17 38 0.01 6.59
17 39 0.003 1.665
17 40 0.002 7.282
17 41 0.003 1.434
17 42 0.002 7.357
17 43 0.01 7.901
17 44 0.009 6.046
17 45 0.007 2.022
17 46 0.007 8.613
17 47 0.005 1.091
17 48 0.003 4.297
17 49 0.001 6.335
18 19 0.005 0.005
18 20 0.004 0.006
18 21 0.003 0.003
18 22 9.003 2.002
18 23 0.008 0.008
18 24 0.004 0.008
18 25 0.007 0.009
18 26 0.004 0.005
18 27 0.001 7.078
18 28 0.003 2.53
18 29 0.01 5.393
18 30 0.007 9.063
18 31 0.003 4.922
18 32 0.002 7.107
18 33 0.006 9.902
18 34 0.003 8.381
18 35 0.007 5.656
18 36 0.001 2.323
18 37 0.005 8.621
18 38 0.004 2.694
18 39 0.007 1.611
18 40 0.009 6.512
18 41 0.009 6.404
18 42 0.005 9.225
18 43 0.001 5.474
18 44 0.009 4.109
18 45 0.004 1.057
18 46 0.003 1.932
18 47 0.003 4.43
18 48 0.007 7.861
18 49 0.002 9.439
19 20 0.002 0.009
19 21 3.005 0.004
19 22 0.009 0.007
19 23 1.008 0.005
19 24 0.005 0.008
19 25 4.007 0.007
19 26 0.009 0.006
19 27 0.005 10.004
19 28 0.003 5.801
19 29 0.003 3.784
19 30 0.009 8.297
19 31 0.004 6.55
19 32 0.003 9.195
19 33 0.003 5.834
19 34 0.003 1.951
19 35 0.008 6.907
19 36 0.009 4.246
19 37 0.006 8.09
19 38 0.003 2.91
19 39 0.005 5.266
19 40 0.005 9.068
19 41 0.001 7.693
19 42 0.002 7.621
19 43 0.007 2.033
19 44 0.007 7.836
19 45 0.007 8.67
19 46 0.004 6.333
19 47 0.002 5.233
19 48 0.006 6.214
19 49 0.008 5.407
20 21 0.007 0.003
20 22 8.005 0.005
20 23 0.006 1.005
20 24 7.01 0.007
20 25 0.005 0.003
20 26 0.002 0.006
20 27 0.009 5.895
20 28 0.001 5.818
20 29 0.008 6.201
20 30 0.003 1.916
20 31 0.008 8.621
20 32 0.002 4.393
20 33 0.003 4.932
20 34 0.005 6.739
20 35 0.005 9.771
20 36 0.009 7.102
20 37 0.001 9.06
20 38 0.007 7.314
20 39 0.002 9.566
20 40 0.002 5.081
20 41 0.009 9.827
20 42 0.007 6.516
20 43 0.01 9.21
20 44 0.004 4.854
20 45 0.008 1.316
20 46 0.008 6.443
20 47 0.009 5.568
20 48 0.003 5.003
20 49 0.007 2.072
21 22 0.002 0.007
21 23 0.006 0.01
21 24 1.003 0.003
21 25 0.008 0.003
21 26 0.002 0.003
21 27 0.008 6.675
21 28 0.008 5.23
21 29 0.008 1.753
21 30 0.005 1.883
21 31 0.002 6.723
21 32 0.005 2.12
21 33 0.009 5.327
21 34 0.007 2.284
21 35 0.004 5.305
21 36 0.007 1.423
21 37 0.002 3.106
21 38 0.009 7.666
21 39 0.003 4.938
21 40 0.008 1.823
21 41 0.005 4.965
21 42 0.002 2.301
21 43 0.002 1.839
21 44 0.002 6.181
21 45 0.008 8.412
21 46 0.003 4.608
21 47 0.002 9.778
21 48 0.007 9.422
21 49 0.006 4.478
22 23 0.005 0.009
22 24 0.002 0.003
22 25 9.006 0.005
22 26 0.003 0.006
22 27 0.005 7.527
22 28 0.009 4.106
22 29 0.007 9.196
22 30 0.003 4.965
22 31 0.01 6.38
22 32 0.009 7.425
22 33 0.006 9.556
22 34 0.001 2.004
22 35 0.002 6.355
22 36 0.005 9.936
22 37 0.005 8.505
22 38 0.008 9.736
22 39 0.007 2.014
22 40 0.007 1.024
22 41 0.008 7.622
22 42 0.003 7.573
22 43 0.006 8.497
22 44 0.006 1.669
22 45 0.006 6.153
22 46 0.006 1.631
22 47 0.006 6.666
22 48 0.009 9.649
22 49 0.007 9.128
23 24 0.003 0.001
23 25 1.009 0.002
23 26 0.006 0.008
23 27 0.007 6.392
23 28 0.003 6.365
23 29 0.006 4.509
23 30 0.001 6.869
23 31 0.005 7.103
23 32 0.007 8.132
23 33 0.006 9.432
23 34 0.002 9.369
23 35 0.01 9.115
23 36 0.008 4.705
23 37 0.007 7.581
23 38 0.006 8.304
23 39 0.008 4.776
23 40 0.005 9.629
23 41 0.006 5.099
23 42 0.004 3.066
23 43 0.008 7.63
23 44 0.005 1.754
23 45 0.003 7.548
23 46 0.001 8.589
23 47 0.009 8.85
23 48 0.007 7.656
23 49 0.006 3.306
24 25 0.005 0.009
24 26 0.008 0.009
24 27 0.006 3.753
24 28 0.006 5.626
24 29 0.009 9.32
24 30 0.003 3.447
24 31 0.003 3.56
24 32 0.006 5.975
24 33 0.005 8.768
24 34 0.007 5.282
24 35 0.009 8.824
24 36 0.003 4.951
24 37 0.006 6.878
24 38 0.003 2.488
24 39 0.006 4.45
24 40 0.009 9.975
24 41 0.005 9.646
24 42 0.003 4.93
24 43 0.01 2.715
24 44 0.005 9.516
24 45 0.007 2.785
24 46 0.009 9.847
24 47 0.003 1.92
24 48 0.006 3.733
24 49 0.005 9.352
25 26 1.003 0.002
25 27 0.003 6.537
25 28 0.006 4.647
25 29 0.001 2.582
25 30 0.006 6.789
25 31 0.009 7.322
25 32 0.005 4.068
25 33 0.005 5.948
25 34 0.003 7.519
25 35 0.003 1.355
25 36 0.003 3.976
25 37 0.004 9.532
25 38 0.003 2.004
25 39 0.002 3.205
25 40 0.007 8.236
25 41 0.009 1.791
25 42 0.006 5.893
25 43 0.005 1.498
25 44 0.005 7.527
25 45 0.003 6.759
25 46 0.008 2.11
25 47 0.008 9.857
25 48 0.009 3.235
25 49 0.001 8.88
26 27 0.008 4.83
26 28 0.007 6.196
26 29 0.002 3.292
26 30 0.006 9.841
26 31 0.001 6.913
26 32 0.01 3.147
26 33 0.007 2.987
26 34 0.006 4.261
26 35 0.008 2.811
26 36 0.006 8.376
26 37 0.008 4.581
26 38 0.009 1.199
26 39 0.008 3.467
26 40 0.007 1.692
26 41 0.007 3.945
26 42 0.008 8.026
26 43 0.007 7.452
26 44 0.004 8.822
26 45 0.004 2.152
26 46 0.007 5.601
26 47 0.005 9.115
26 48 0.003 1.536
26 49 0.01 4.61
27 28 50.005 10.003
27 29 0.001 7.234
27 30 0.008 6.203
27 31 0.003 3.314
27 32 0.006 9.502
27 33 0.008 2.49
27 34 0.007 10.001
27 35 0.007 2.705
27 36 0.004 9.73
27 37 0.008 1.448
27 38 0.006 2.07
27 39 0.009 3.908
27 40 0.003 6.741
27 41 0.003 4.946
27 42 0.002 3.036
27 43 0.01 5.638
27 44 0.009 9.809
27 45 0.009 7.893
27 46 0.003 3.231
27 47 0.005 7.195
27 48 0.006 5.323
27 49 0.006 5.743
28 29 0.004 1.381
28 30 0.007 1.784
28 31 0.009 7.033
28 32 0.007 9.643
28 33 0.003 3.081
28 34 0.005 5.871
28 35 0.008 5.49
28 36 0.009 1.414
28 37 0.006 8.163
28 38 0.006 1.234
28 39 0.007 4.008
28 40 0.003 4.316
28 41 0.003 3.769
28 42 0.008 5.292
28 43 0.007 8.036
28 44 0.004 6.741
28 45 0.003 8.131
28 46 0.002 4.048
28 47 0.008 3.775
28 48 0.004 3.978
28 49 0.004 8.828
29 30 0.004 0.003
29 31 12.006 0.009
29 32 5.008 1.01
29 33 0.003 0.008
29 34 6.008 0.006
29 35 0.008 2.003
29 36 3.007 0.008
29 37 0.004 4.42
29 38 0.008 1.576
29 39 0.002 1.67
29 40 0.005 7.608
29 41 0.005 5.794
29 42 0.005 6.991
29 43 0.002 3.295
29 44 0.004 3.635
29 45 0.01 5.938
29 46 0.007 9.837
29 47 0.007 4.809
29 48 0.003 5.844
29 49 0.009 4.171
30 31 0.002 2.01
30 32 9.006 0.006
30 33 4.007 0.004
30 34 3.002 2.002
30 35 9.007 0.006
30 36 0.003 0.006
30 37 0.004 7.666
30 38 0.004 1.788
30 39 0.009 8.575
30 40 0.008 6.015
30 41 0.003 5.255
30 42 0.002 2.868
30 43 0.001 4.19
30 44 0.004 1.339
30 45 0.006 7.495
30 46 0.003 8.447
30 47 0.009 9.634
30 48 0.002 8.068
30 49 0.003 8.939
31 32 0.007 1.007
31 33 5.007 0.009
31 34 0.006 0.003
31 35 6.002 1.009
31 36 9.002 0.008
31 37 0.005 4.053
31 38 0.008 9.023
31 39 0.001 9.992
31 40 0.009 1.91
31 41 0.006 8.593
31 42 0.001 2.515
31 43 0.006 2.624
31 44 0.006 1.916
31 45 0.003 9.178
31 46 0.009 5.276
31 47 0.002 3.862
31 48 0.003 3.286
31 49 0.005 6.157
32 33 8.005 0.009
32 34 0.007 0.005
32 35 8.001 0.006
32 36 9.008 0.006
32 37 0.006 8.138
32 38 0.007 8.314
32 39 0.004 3.414
32 40 0.004 3.038
32 41 0.002 1.776
32 42 0.002 4.836
32 43 0.003 2.407
32 44 0.001 8.494
32 45 0.004 3.242
32 46 0.009 7.011
32 47 0.005 3.717
32 48 0.008 9.256
32 49 0.001 6.984
33 34 0.004 0.004
33 35 5.006 2.01
33 36 9.009 0.003
33 37 0.004 4.363
33 38 0.008 3.158
33 39 0.001 3.959
33 40 0.004 3.213
33 41 0.003 8.912
33 42 0.01 7.631
33 43 0.005 1.641
33 44 0.005 4.97
33 45 0.003 6.433
33 46 0.006 9.022
33 47 0.007 5.049
33 48 0.003 9.943
33 49 0.007 9.784
34 35 0.009 0.007
34 36 2.003 0.008
34 37 0.004 4.855
34 38 0.002 3.682
34 39 0.003 2.258
34 40 0.002 7.206
34 41 0.01 1.779
34 42 0.003 1.826
34 43 0.004 1.689
34 44 0.008 5.239
34 45 0.001 6.16
34 46 0.007 9.277
34 47 0.009 6.683
34 48 0.006 4.672
34 49 0.002 1.947
35 36 13.006 0.003
35 37 0.005 5.731
35 38 0.002 2.005
35 39 0.01 2.077
35 40 0.002 5.084
35 41 0.002 5.826
35 42 0.005 1.666
35 43 0.001 8.614
35 44 0.006 5.272
35 45 0.002 4.474
35 46 0.004 4.726
35 47 0.004 7.803
35 48 0.008 3.144
35 49 0.005 1.905
36 37 0.002 8.21
36 38 0.009 4.766
36 39 0.006 2.505
36 40 0.004 7.947
36 41 0.002 3.172
36 42 0.006 2.947
36 43 0.005 9.021
36 44 0.006 9.984
36 45 0.002 6.375
36 46 0.006 6.856
36 47 0.007 6.666
36 48 0.01 6.774
36 49 0.005 8.227
37 38 4.005 3.007
37 39 3.004 2.005
37 40 4.003 1.006
37 41 0.004 8.587
37 42 0.003 3.807
37 43 0.005 4.525
37 44 0.005 1.397
37 45 0.003 1.779
37 46 0.003 6.508
37 47 0.007 2.511
37 48 0.007 6.411
37 49 0.006 2.137
38 39 5.003 1.003
38 40 4.01 2.002
38 41 0.005 1.76
38 42 0.009 1.576
38 43 0.005 2.37
38 44 0.008 6.587
38 45 0.001 8.135
38 46 0.008 5.231
38 47 0.004 4.167
38 48 0.007 8.356
38 49 0.004 7.366
39 40 5.008 4.005
39 41 0.005 5.936
39 42 0.006 7.76
39 43 0.006 4.29
39 44 0.009 2.816
39 45 0.004 8.209
39 46 0.007 2.315
39 47 0.003 3.221
39 48 0.007 8.853
39 49 0.002 8.982
40 41 0.007 5.493
40 42 0.008 8.805
40 43 0.006 8.336
40 44 0.007 3.89
40 45 0.002 2.272
40 46 0.009 5.188
40 47 0.01 1.223
40 48 0.008 2.742
40 49 0.007 5.151
41 42 0.008 0.007
41 43 3.006 2.009
41 44 1.009 0.006
41 45 0.007 1.009
41 46 2.008 0.002
41 47 0.001 0.004
41 48 4.006 0.009
41 49 0.006 0.007
42 43 0.007 0.005
42 44 6.003 1.002
42 45 4.003 0.002
42 46 7.008 2.004
42 47 0.007 0.004
42 48 5.001 0.007
42 49 0.004 0.006
43 44 0.006 0.01
43 45 0.005 0.002
43 46 2.007 0.003
43 47 5.002 0.002
43 48 0.002 1.008
43 49 13.009 1.005
44 45 0.004 1.009
44 46 10.008 0.001
44 47 0.008 0.005
44 48 6.006 0.004
44 49 0.004 0.008
45 46 3.001 0.002
45 47 0.003 0.004
45 48 10.002 2.002
45 49 0.009 0.006
46 47 1.008 0.002
46 48 0.004 0.002
46 49 6.003 2.009
47 48 0.004 0.007
47 49 11.004 0.006
48 49 1.006 0.009
