20
99
0 1 10.0 0.235
0 2 1.0 4.928
0 3 3.0 14.533
0 4 3.0 19.982
0 5 8.0 4.743
0 6 8.0 0.946
0 7 8.0 2.243
0 8 17.0 8.39
0 9 9.0 16.198
0 10 19.0 3.47
0 11 14.0 3.648
0 12 8.0 11.207
0 13 7.0 16.142
0 14 12.0 11.867
0 15 16.0 15.81
0 16 6.0 0.174
0 17 5.0 0.769
0 18 16.0 17.877
0 19 0.0 12.935
1 2 3.0 9.889
1 3 8.0 8.822
1 4 9.0 7.76
1 5 8.0 3.513
1 6 0.0 3.309
1 7 7.0 4.309
1 8 1.0 7.697
1 9 5.0 8.45
1 10 5.0 0.886
1 11 15.0 0.032
1 12 6.0 2.841
1 13 8.0 15.199
1 14 9.0 9.199
1 15 15.0 17.878
1 16 12.0 10.214
1 17 11.0 0.916
1 18 13.0 16.283
1 19 4.0 6.298
2 3 11.0 0.534
2 4 10.0 18.078
2 5 8.0 14.837
2 6 8.0 10.145
2 7 18.0 1.488
2 8 15.0 0.572
2 9 7.0 14.034
2 10 4.0 6.188
2 11 3.0 10.484
2 12 6.0 0.872
2 13 0.0 5.941
2 14 1.0 14.575
2 15 11.0 2.394
2 16 19.0 0.221
2 17 3.0 19.013
2 18 15.0 0.155
2 19 6.0 2.381
3 4 8.0 4.833
3 5 19.0 15.038
3 6 5.0 5.63
3 7 16.0 0.803
3 8 19.0 2.317
3 9 2.0 5.546
3 10 18.0 18.086
3 11 17.0 11.741
3 12 7.0 0.616
3 13 15.0 10.074
3 14 2.0 6.816
3 15 16.0 0.153
3 16 14.0 0.076
3 17 8.0 3.094
3 18 16.0 0.871
3 19 3.0 11.074
4 5 7.0 8.695
4 6 11.0 3.055
4 7 11.0 10.186
4 8 3.0 1.093
4 9 15.0 7.028
4 10 0.0 11.781
4 11 7.0 3.899
4 12 8.0 4.405
4 13 16.0 1.242
4 14 15.0 0.253
4 15 5.0 11.857
4 16 7.0 1.832
4 17 9.0 10.077
4 18 14.0 16.204
4 19 6.0 2.035
5 6 3.0 15.878
5 7 12.0 7.399
5 8 7.0 6.368
5 9 0.0 16.838
5 10 16.0 0.912
5 11 10.0 5.786
5 12 3.0 0.315
5 13 9.0 0.168
5 14 4.0 11.118
5 15 8.0 9.117
5 16 18.0 16.205
5 17 13.0 4.224
5 18 7.0 2.398
5 19 3.0 6.814
6 7 8.0 4.6
6 8 3.0 7.06
6 9 14.0 0.161
6 10 1.0 12.484
6 11 17.0 7.522
6 12 8.0 2.256
6 13 6.0 0.78
6 14 17.0 0.528
6 15 2.0 9.421
6 16 16.0 19.831
6 17 14.0 9.389
6 18 2.0 4.343
6 19 19.0 0.396
7 8 11.0 0.436
7 9 8.0 16.796
7 10 4.0 8.5
7 11 2.0 8.807
7 12 10.0 0.75
7 13 5.0 10.231
7 14 6.0 11.245
7 15 14.0 0.646
7 16 7.0 8.134
7 17 2.0 15.937
7 18 9.0 0.453
7 19 8.0 1.931
8 9 19.0 13.808
8 10 7.0 8.885
8 11 7.0 9.303
8 12 5.0 3.649
8 13 8.0 15.761
8 14 16.0 11.678
8 15 9.0 0.784
8 16 19.0 0.346
8 17 8.0 16.79
8 18 17.0 0.876
8 19 6.0 11.297
9 10 7.0 17.256
9 11 3.0 11.31
9 12 7.0 11.487
9 13 10.0 6.124
9 14 11.0 5.944
9 15 11.0 18.741
9 16 2.0 13.751
9 17 1.0 8.076
9 18 17.0 16.478
9 19 5.0 0.84
10 11 7.0 0.152
10 12 5.0 1.49
10 13 3.0 9.223
10 14 14.0 12.768
10 15 5.0 6.418
10 16 2.0 6.918
10 17 7.0 0.591
10 18 7.0 3.93
10 19 19.0 14.272
11 12 8.0 9.259
11 13 1.0 17.123
11 14 2.0 11.539
11 15 8.0 18.865
11 16 9.0 19.992
11 17 12.0 2.914
11 18 16.0 19.792
11 19 0.0 8.297
12 13 3.0 14.929
12 14 4.0 18.915
12 15 11.0 1.2
12 16 10.0 0.017
12 17 18.0 14.874
12 18 9.0 0.54
12 19 15.0 15.057
13 14 10.0 0.777
13 15 11.0 9.593
13 16 1.0 1.509
13 17 2.0 2.431
13 18 1.0 11.692
13 19 18.0 3.4
14 15 3.0 16.625
14 16 6.0 17.635
14 17 8.0 3.935
14 18 6.0 8.461
14 19 16.0 0.142
15 16 5.0 1.725
15 17 5.0 14.583
15 18 16.0 0.597
15 19 3.0 5.205
16 17 0.0 19.027
16 18 12.0 0.89
16 19 1.0 1.647
17 18 5.0 9.232
17 19 9.0 9.569
18 19 16.0 15.881
