20
80
0 1 7.0 7.513
0 2 1.0 5.102
0 3 5.0 1.676
0 4 3.0 2.79
0 5 8.0 2.44
0 6 3.0 4.406
0 7 2.0 5.98
0 8 6.0 3.454
0 9 2.0 4.023
0 10 5.0 2.215
0 11 1.0 1.438
0 12 4.0 4.462
0 13 4.0 3.049
0 14 4.0 4.354
0 15 6.0 1.697
0 16 6.0 5.693
0 17 6.0 7.1
0 18 2.0 7.245
0 19 3.0 1.111
1 2 5.0 2.799
1 3 2.0 1.012
1 4 5.0 3.261
1 5 7.0 3.419
1 6 10.0 2.053
1 7 7.0 1.926
1 8 3.0 1.296
1 9 1.0 5.338
1 10 9.0 4.334
1 11 1.0 2.773
1 12 9.0 6.858
1 13 1.0 2.07
1 14 3.0 6.556
1 15 6.0 7.291
1 16 9.0 4.403
1 17 10.0 3.485
1 18 6.0 6.614
1 19 9.0 5.23
2 3 1.0 4.332
2 4 9.0 0.811
2 5 1.0 7.412
2 6 10.0 7.297
2 7 5.0 0.145
2 8 5.0 7.514
2 9 1.0 7.269
2 10 2.0 6.202
2 11 7.0 1.766
2 12 3.0 0.742
2 13 3.0 6.91
2 14 10.0 5.75
2 15 5.0 5.133
2 16 5.0 3.834
2 17 3.0 7.286
2 18 5.0 2.721
2 19 2.0 7.436
3 4 1.0 1.273
3 5 4.0 6.473
3 6 4.0 0.241
3 7 6.0 7.972
3 8 2.0 4.438
3 9 7.0 6.485
3 10 7.0 3.573
3 11 6.0 3.062
3 12 7.0 5.331
3 13 5.0 3.911
3 14 4.0 4.387
3 15 4.0 4.014
3 16 9.0 7.905
3 17 5.0 5.07
3 18 10.0 3.55
3 19 6.0 5.094
4 5 2.0 1.79
4 6 10.0 4.9
4 7 4.0 2.045
4 8 10.0 2.706
4 9 4.0 7.421
4 10 7.0 3.04
4 11 8.0 7.228
4 12 9.0 4.648
4 13 5.0 4.455
4 14 3.0 5.262
4 15 7.0 3.729
4 16 6.0 3.695
4 17 6.0 7.086
4 18 8.0 0.898
4 19 9.0 3.783
5 6 4.0 7.032
5 7 8.0 6.726
5 8 8.0 1.079
5 9 4.0 6.2
5 10 4.0 2.569
5 11 8.0 3.524
5 12 6.0 2.893
5 13 6.0 2.992
5 14 6.0 6.004
5 15 2.0 1.941
5 16 2.0 6.839
5 17 2.0 2.109
5 18 4.0 2.969
5 19 2.0 5.73
6 7 8.0 5.595
6 8 7.0 6.34
6 9 7.0 6.88
6 10 7.0 4.889
6 11 9.0 6.139
6 12 2.0 1.29
6 13 5.0 5.239
6 14 9.0 4.536
6 15 4.0 4.049
6 16 3.0 2.967
6 17 5.0 0.043
6 18 6.0 1.909
6 19 3.0 3.953
7 8 10.0 4.723
7 9 4.0 7.42
7 10 5.0 0.813
7 11 6.0 7.619
7 12 8.0 4.835
7 13 9.0 0.713
7 14 10.0 0.453
7 15 10.0 0.735
7 16 10.0 2.737
7 17 2.0 0.673
7 18 8.0 6.928
7 19 5.0 2.577
8 9 5.0 5.52
8 10 9.0 7.721
8 11 7.0 5.457
8 12 10.0 5.352
8 13 4.0 1.055
8 14 6.0 6.209
8 15 7.0 3.348
8 16 5.0 0.002
8 17 2.0 4.52
8 18 3.0 3.824
8 19 3.0 2.944
9 10 7.0 1.537
9 11 5.0 1.127
9 12 8.0 1.861
9 13 2.0 3.732
9 14 5.0 7.908
9 15 3.0 7.648
9 16 7.0 4.763
9 17 8.0 2.131
9 18 10.0 1.388
9 19 9.0 6.829
10 11 1.0 6.362
10 12 2.0 6.597
10 13 8.0 5.68
10 14 5.0 2.985
10 15 9.0 1.652
10 16 1.0 2.432
10 17 10.0 6.323
10 18 9.0 1.521
10 19 9.0 6.266
11 12 5.0 6.864
11 13 6.0 5.363
11 14 3.0 7.368
11 15 6.0 4.918
11 16 7.0 4.777
11 17 5.0 2.421
11 18 10.0 2.627
11 19 6.0 1.917
12 13 10.0 0.139
12 14 4.0 4.769
12 15 3.0 0.581
12 16 9.0 4.634
12 17 3.0 3.276
12 18 2.0 4.13
12 19 3.0 5.061
13 14 1.0 4.02
13 15 6.0 4.939
13 16 9.0 3.791
13 17 8.0 3.102
13 18 3.0 2.024
13 19 10.0 3.39
14 15 3.0 3.743
14 16 2.0 7.257
14 17 5.0 6.152
14 18 2.0 1.247
14 19 8.0 4.875
15 16 9.0 5.289
15 17 8.0 6.714
15 18 10.0 7.487
15 19 8.0 3.789
16 17 9.0 6.669
16 18 2.0 5.152
16 19 2.0 1.416
17 18 8.0 6.611
17 19 4.0 4.933
18 19 8.0 7.976
