20
96.057
0 1 25.613 38.543
0 2 9.212 75.681
0 3 31.637 31.927
0 4 38.266 35.738
0 5 62.235 49.431
0 6 80.706 52.183
0 7 95.944 87.317
0 8 29.621 39.507
0 9 37.063 24.294
0 10 98.177 34.919
0 11 94.876 28.231
0 12 33.942 33.101
0 13 87.183 99.923
0 14 5.921 89.062
0 15 35.758 57.611
0 16 84.917 76.06
0 17 50.13 80.45
0 18 17.02 42.842
0 19 58.384 7.675
1 2 30.209 80.999
1 3 59.679 21.238
1 4 83.813 53.085
1 5 20.495 0.084
1 6 1.512 33.876
1 7 18.047 74.882
1 8 84.43 72.416
1 9 19.993 65.032
1 10 90.233 95.101
1 11 6.194 1.759
1 12 8.358 85.22
1 13 75.601 37.456
1 14 51.244 89.616
1 15 35.385 61.412
1 16 48.942 54.69
1 17 42.392 34.159
1 18 49.604 47.082
1 19 30.214 86.186
2 3 67.359 30.166
2 4 0.663 78.312
2 5 28.308 60.991
2 6 24.216 31.347
2 7 63.051 75.056
2 8 69.417 8.241
2 9 8.345 53.423
2 10 91.472 95.635
2 11 59.131 8.283
2 12 51.816 5.456
2 13 83.839 85.698
2 14 0.843 8.534
2 15 37.182 52.334
2 16 34.393 2.12
2 17 90.48 47.937
2 18 81.967 61.512
2 19 27.42 13.549
3 4 36.866 36.672
3 5 49.435 5.118
3 6 76.583 91.997
3 7 37.722 38.974
3 8 4.407 65.807
3 9 45.453 28.289
3 10 77.98 22.712
3 11 67.796 40.647
3 12 54.665 62.758
3 13 58.139 83.419
3 14 17.496 1.712
3 15 87.256 97.7
3 16 64.711 35.652
3 17 11.126 37.02
3 18 29.354 55.389
3 19 48.869 1.482
4 5 93.45 4.34
4 6 43.725 9.374
4 7 80.522 55.933
4 8 14.51 58.962
4 9 19.844 58.0
4 10 32.506 1.605
4 11 94.255 4.328
4 12 32.053 57.608
4 13 4.938 58.957
4 14 82.028 70.404
4 15 46.182 80.022
4 16 39.771 62.728
4 17 43.198 70.127
4 18 19.638 52.396
4 19 93.882 85.216
5 6 99.015 31.845
5 7 84.1 30.049
5 8 75.556 28.838
5 9 17.038 64.137
5 10 78.957 72.949
5 11 60.619 97.814
5 12 61.802 73.988
5 13 53.249 2.604
5 14 96.394 88.368
5 15 40.141 11.932
5 16 45.749 15.946
5 17 23.163 37.879
5 18 15.753 41.206
5 19 82.654 49.038
6 7 95.773 38.934
6 8 91.624 97.934
6 9 16.471 43.178
6 10 39.014 85.626
6 11 82.466 5.359
6 12 3.278 73.614
6 13 78.349 79.315
6 14 4.601 72.931
6 15 88.49 6.749
6 16 20.64 5.567
6 17 37.563 39.242
6 18 25.539 68.718
6 19 83.899 96.169
7 8 74.471 72.008
7 9 77.189 52.251
7 10 25.222 92.364
7 11 75.503 37.534
7 12 33.464 84.41
7 13 65.631 62.796
7 14 77.243 77.307
7 15 76.553 86.574
7 16 84.26 92.042
7 17 85.959 29.634
7 18 84.011 89.391
7 19 66.412 20.48
8 9 27.715 23.279
8 10 28.724 88.573
8 11 35.582 43.241
8 12 29.63 73.212
8 13 86.956 56.61
8 14 13.283 29.202
8 15 78.165 10.985
8 16 43.879 19.608
8 17 50.973 4.557
8 18 62.738 85.854
8 19 74.592 92.84
9 10 98.565 20.049
9 11 41.118 73.636
9 12 41.687 75.99
9 13 74.412 93.273
9 14 37.943 81.696
9 15 1.742 68.273
9 16 14.757 49.069
9 17 47.352 41.388
9 18 10.755 3.816
9 19 63.928 33.861
10 11 59.919 76.432
10 12 65.481 15.081
10 13 1.51 44.916
10 14 37.298 79.003
10 15 97.219 74.389
10 16 90.303 95.021
10 17 66.927 22.53
10 18 13.455 44.33
10 19 20.774 32.1
11 12 16.296 4.282
11 13 86.5 69.411
11 14 32.299 16.352
11 15 83.219 65.461
11 16 60.122 49.235
11 17 17.301 55.916
11 18 97.663 21.693
11 19 24.9 67.076
12 13 21.596 33.548
12 14 28.186 68.434
12 15 62.743 10.523
12 16 53.084 77.942
12 17 9.968 79.956
12 18 8.734 46.065
12 19 95.599 78.23
13 14 20.698 42.205
13 15 29.982 0.946
13 16 48.164 39.63
13 17 90.826 53.2
13 18 52.546 62.791
13 19 57.935 11.826
14 15 65.206 16.729
14 16 83.574 57.964
14 17 72.26 49.179
14 18 95.76 36.196
14 19 95.081 14.905
15 16 30.243 65.519
15 17 93.272 79.792
15 18 74.397 0.78
15 19 11.445 80.363
16 17 99.132 24.854
16 18 84.051 28.352
16 19 10.244 94.225
17 18 93.359 47.067
17 19 46.291 30.016
18 19 73.34 32.466
