10
82.325
0 1 10.163 27.98
0 2 57.035 43.026
0 3 30.857 57.669
0 4 3.907 21.197
0 5 92.368 7.851
0 6 50.931 41.903
0 7 99.819 9.122
0 8 73.931 19.472
0 9 89.501 31.285
1 2 16.848 2.536
1 3 41.594 11.588
1 4 97.825 18.953
1 5 45.978 52.284
1 6 93.503 10.28
1 7 54.967 9.138
1 8 67.907 88.52
1 9 64.308 19.136
2 3 7.695 47.735
2 4 73.852 31.761
2 5 32.485 10.33
2 6 10.383 86.112
2 7 11.585 92.071
2 8 54.448 60.497
2 9 54.301 2.413
3 4 5.32 6.874
3 5 46.563 93.436
3 6 61.071 68.948
3 7 52.317 78.919
3 8 22.324 76.207
3 9 63.673 58.007
4 5 32.564 81.464
4 6 17.1 4.88
4 7 31.817 26.321
4 8 88.751 79.197
4 9 52.288 84.463
5 6 51.732 85.774
5 7 92.52 77.137
5 8 83.608 98.098
5 9 0.877 72.01
6 7 55.57 57.62
6 8 8.827 83.265
6 9 34.917 29.364
7 8 44.808 76.777
7 9 82.996 57.306
8 9 60.195 90.549
