50
80
0 1 7.0 61.0
0 2 61.0 66.0
0 3 66.0 64.0
0 4 23.0 50.0
0 5 4.0 59.0
0 6 11.0 45.0
0 7 39.0 77.0
0 8 0.0 34.0
0 9 63.0 60.0
0 10 65.0 10.0
0 11 72.0 26.0
0 12 32.0 74.0
0 13 35.0 76.0
0 14 26.0 26.0
0 15 39.0 61.0
0 16 68.0 78.0
0 17 8.0 12.0
0 18 61.0 40.0
0 19 50.0 31.0
0 20 49.0 51.0
0 21 8.0 75.0
0 22 23.0 49.0
0 23 71.0 14.0
0 24 51.0 73.0
0 25 20.0 15.0
0 26 51.0 50.0
0 27 77.0 5.0
0 28 5.0 6.0
0 29 41.0 54.0
0 30 29.0 51.0
0 31 21.0 46.0
0 32 54.0 35.0
0 33 51.0 76.0
0 34 53.0 42.0
0 35 51.0 2.0
0 36 51.0 15.0
0 37 34.0 66.0
0 38 39.0 13.0
0 39 49.0 71.0
0 40 63.0 57.0
0 41 17.0 12.0
0 42 62.0 65.0
0 43 24.0 46.0
0 44 51.0 74.0
0 45 69.0 65.0
0 46 27.0 16.0
0 47 4.0 40.0
0 48 7.0 67.0
0 49 56.0 48.0
1 2 45.0 32.0
1 3 15.0 34.0
1 4 30.0 77.0
1 5 7.0 18.0
1 6 63.0 11.0
1 7 40.0 76.0
1 8 74.0 36.0
1 9 19.0 13.0
1 10 55.0 35.0
1 11 39.0 60.0
1 12 16.0 6.0
1 13 5.0 11.0
1 14 53.0 59.0
1 15 29.0 30.0
1 16 49.0 54.0
1 17 14.0 72.0
1 18 74.0 16.0
1 19 28.0 59.0
1 20 25.0 62.0
1 21 51.0 38.0
1 22 20.0 2.0
1 23 76.0 70.0
1 24 60.0 76.0
1 25 70.0 65.0
1 26 33.0 65.0
1 27 78.0 0.0
1 28 74.0 71.0
1 29 53.0 50.0
1 30 53.0 52.0
1 31 46.0 76.0
1 32 63.0 34.0
1 33 79.0 64.0
1 34 33.0 28.0
1 35 57.0 72.0
1 36 49.0 61.0
1 37 9.0 72.0
1 38 59.0 31.0
1 39 28.0 45.0
1 40 46.0 31.0
1 41 28.0 15.0
1 42 25.0 13.0
1 43 52.0 76.0
1 44 47.0 22.0
1 45 67.0 30.0
1 46 64.0 42.0
1 47 50.0 63.0
1 48 39.0 71.0
1 49 37.0 55.0
2 3 32.0 28.0
2 4 57.0 68.0
2 5 61.0 3.0
2 6 32.0 34.0
2 7 7.0 37.0
2 8 56.0 74.0
2 9 13.0 56.0
2 10 58.0 34.0
2 11 52.0 41.0
2 12 24.0 71.0
2 13 22.0 29.0
2 14 56.0 77.0
2 15 10.0 34.0
2 16 8.0 16.0
2 17 19.0 59.0
2 18 48.0 13.0
2 19 31.0 2.0
2 20 23.0 60.0
2 21 42.0 14.0
2 22 63.0 62.0
2 23 6.0 22.0
2 24 6.0 12.0
2 25 74.0 55.0
2 26 58.0 40.0
2 27 35.0 38.0
2 28 72.0 5.0
2 29 78.0 77.0
2 30 78.0 58.0
2 31 39.0 17.0
2 32 38.0 23.0
2 33 78.0 29.0
2 34 1.0 37.0
2 35 25.0 77.0
2 36 77.0 51.0
2 37 55.0 16.0
2 38 0.0 30.0
2 39 6.0 16.0
2 40 40.0 71.0
2 41 17.0 53.0
2 42 30.0 61.0
2 43 12.0 56.0
2 44 30.0 42.0
2 45 53.0 68.0
2 46 18.0 61.0
2 47 77.0 38.0
2 48 38.0 62.0
2 49 37.0 34.0
3 4 69.0 61.0
3 5 55.0 9.0
3 6 53.0 41.0
3 7 68.0 44.0
3 8 51.0 17.0
3 9 72.0 71.0
3 10 67.0 6.0
3 11 2.0 10.0
3 12 30.0 7.0
3 13 70.0 65.0
3 14 42.0 25.0
3 15 5.0 25.0
3 16 18.0 27.0
3 17 57.0 38.0
3 18 36.0 62.0
3 19 63.0 33.0
3 20 57.0 3.0
3 21 70.0 40.0
3 22 25.0 11.0
3 23 74.0 2.0
3 24 66.0 23.0
3 25 38.0 8.0
3 26 40.0 2.0
3 27 8.0 72.0
3 28 16.0 76.0
3 29 71.0 73.0
3 30 78.0 44.0
3 31 70.0 40.0
3 32 2.0 71.0
3 33 76.0 12.0
3 34 78.0 71.0
3 35 28.0 59.0
3 36 38.0 52.0
3 37 73.0 53.0
3 38 26.0 30.0
3 39 65.0 36.0
3 40 71.0 43.0
3 41 64.0 43.0
3 42 39.0 64.0
3 43 59.0 19.0
3 44 23.0 32.0
3 45 30.0 44.0
3 46 54.0 73.0
3 47 55.0 16.0
3 48 23.0 6.0
3 49 36.0 76.0
4 5 55.0 62.0
4 6 5.0 72.0
4 7 39.0 33.0
4 8 34.0 40.0
4 9 54.0 11.0
4 10 76.0 53.0
4 11 45.0 5.0
4 12 12.0 76.0
4 13 17.0 22.0
4 14 40.0 5.0
4 15 40.0 71.0
4 16 35.0 0.0
4 17 53.0 3.0
4 18 70.0 78.0
4 19 44.0 31.0
4 20 26.0 79.0
4 21 3.0 9.0
4 22 5.0 76.0
4 23 4.0 11.0
4 24 13.0 28.0
4 25 58.0 71.0
4 26 69.0 14.0
4 27 12.0 42.0
4 28 71.0 38.0
4 29 34.0 61.0
4 30 13.0 74.0
4 31 2.0 79.0
4 32 19.0 26.0
4 33 67.0 29.0
4 34 20.0 56.0
4 35 1.0 78.0
4 36 57.0 34.0
4 37 61.0 72.0
4 38 56.0 20.0
4 39 32.0 26.0
4 40 56.0 7.0
4 41 56.0 60.0
4 42 41.0 74.0
4 43 3.0 42.0
4 44 8.0 56.0
4 45 7.0 15.0
4 46 35.0 63.0
4 47 72.0 36.0
4 48 47.0 3.0
4 49 78.0 15.0
5 6 0.0 29.0
5 7 58.0 14.0
5 8 30.0 70.0
5 9 23.0 70.0
5 10 46.0 35.0
5 11 16.0 45.0
5 12 7.0 52.0
5 13 40.0 64.0
5 14 7.0 68.0
5 15 78.0 45.0
5 16 12.0 53.0
5 17 26.0 1.0
5 18 59.0 26.0
5 19 44.0 5.0
5 20 37.0 76.0
5 21 75.0 18.0
5 22 71.0 53.0
5 23 39.0 17.0
5 24 28.0 74.0
5 25 16.0 17.0
5 26 79.0 63.0
5 27 7.0 67.0
5 28 48.0 50.0
5 29 1.0 30.0
5 30 75.0 42.0
5 31 49.0 77.0
5 32 46.0 16.0
5 33 23.0 15.0
5 34 71.0 0.0
5 35 41.0 27.0
5 36 68.0 20.0
5 37 27.0 77.0
5 38 13.0 78.0
5 39 0.0 60.0
5 40 71.0 46.0
5 41 39.0 51.0
5 42 56.0 66.0
5 43 58.0 57.0
5 44 40.0 65.0
5 45 2.0 60.0
5 46 73.0 32.0
5 47 58.0 28.0
5 48 53.0 54.0
5 49 50.0 72.0
6 7 67.0 13.0
6 8 71.0 3.0
6 9 20.0 77.0
6 10 45.0 21.0
6 11 26.0 9.0
6 12 50.0 42.0
6 13 11.0 23.0
6 14 1.0 32.0
6 15 5.0 32.0
6 16 48.0 48.0
6 17 22.0 73.0
6 18 1.0 18.0
6 19 11.0 63.0
6 20 42.0 71.0
6 21 48.0 8.0
6 22 48.0 35.0
6 23 64.0 15.0
6 24 43.0 45.0
6 25 71.0 35.0
6 26 2.0 63.0
6 27 21.0 70.0
6 28 36.0 51.0
6 29 14.0 32.0
6 30 53.0 70.0
6 31 25.0 21.0
6 32 7.0 44.0
6 33 72.0 77.0
6 34 17.0 14.0
6 35 34.0 23.0
6 36 8.0 14.0
6 37 29.0 29.0
6 38 52.0 2.0
6 39 3.0 35.0
6 40 13.0 2.0
6 41 10.0 74.0
6 42 31.0 38.0
6 43 27.0 1.0
6 44 11.0 51.0
6 45 41.0 10.0
6 46 14.0 13.0
6 47 67.0 31.0
6 48 29.0 17.0
6 49 30.0 64.0
7 8 52.0 13.0
7 9 28.0 67.0
7 10 66.0 31.0
7 11 42.0 40.0
7 12 36.0 16.0
7 13 17.0 21.0
7 14 28.0 2.0
7 15 61.0 13.0
7 16 0.0 46.0
7 17 59.0 39.0
7 18 22.0 29.0
7 19 18.0 20.0
7 20 2.0 34.0
7 21 43.0 41.0
7 22 67.0 13.0
7 23 60.0 13.0
7 24 48.0 9.0
7 25 70.0 48.0
7 26 47.0 39.0
7 27 34.0 14.0
7 28 5.0 25.0
7 29 33.0 66.0
7 30 45.0 7.0
7 31 17.0 4.0
7 32 62.0 11.0
7 33 9.0 8.0
7 34 55.0 44.0
7 35 46.0 32.0
7 36 20.0 32.0
7 37 78.0 28.0
7 38 54.0 28.0
7 39 39.0 20.0
7 40 43.0 67.0
7 41 57.0 47.0
7 42 18.0 10.0
7 43 3.0 32.0
7 44 23.0 49.0
7 45 22.0 21.0
7 46 69.0 27.0
7 47 26.0 75.0
7 48 72.0 0.0
7 49 69.0 62.0
8 9 42.0 40.0
8 10 77.0 62.0
8 11 39.0 41.0
8 12 11.0 14.0
8 13 19.0 27.0
8 14 2.0 37.0
8 15 78.0 43.0
8 16 6.0 29.0
8 17 77.0 27.0
8 18 16.0 25.0
8 19 11.0 27.0
8 20 23.0 67.0
8 21 64.0 60.0
8 22 57.0 79.0
8 23 13.0 21.0
8 24 34.0 41.0
8 25 1.0 78.0
8 26 70.0 40.0
8 27 12.0 6.0
8 28 59.0 6.0
8 29 19.0 15.0
8 30 32.0 55.0
8 31 56.0 21.0
8 32 34.0 27.0
8 33 4.0 21.0
8 34 62.0 58.0
8 35 14.0 60.0
8 36 71.0 2.0
8 37 5.0 67.0
8 38 54.0 2.0
8 39 28.0 52.0
8 40 23.0 10.0
8 41 14.0 43.0
8 42 41.0 71.0
8 43 19.0 73.0
8 44 10.0 3.0
8 45 55.0 65.0
8 46 62.0 27.0
8 47 9.0 19.0
8 48 38.0 7.0
8 49 44.0 30.0
9 10 0.0 34.0
9 11 56.0 35.0
9 12 17.0 60.0
9 13 72.0 79.0
9 14 42.0 69.0
9 15 23.0 6.0
9 16 54.0 11.0
9 17 48.0 73.0
9 18 43.0 14.0
9 19 24.0 5.0
9 20 51.0 79.0
9 21 30.0 5.0
9 22 22.0 10.0
9 23 62.0 79.0
9 24 76.0 13.0
9 25 49.0 1.0
9 26 60.0 60.0
9 27 0.0 58.0
9 28 38.0 68.0
9 29 16.0 79.0
9 30 36.0 73.0
9 31 68.0 18.0
9 32 10.0 32.0
9 33 79.0 0.0
9 34 9.0 76.0
9 35 23.0 76.0
9 36 6.0 14.0
9 37 7.0 16.0
9 38 50.0 18.0
9 39 79.0 26.0
9 40 14.0 41.0
9 41 64.0 64.0
9 42 36.0 22.0
9 43 51.0 72.0
9 44 74.0 50.0
9 45 57.0 23.0
9 46 47.0 74.0
9 47 78.0 27.0
9 48 59.0 13.0
9 49 59.0 28.0
10 11 2.0 28.0
10 12 63.0 19.0
10 13 34.0 72.0
10 14 53.0 55.0
10 15 52.0 33.0
10 16 48.0 61.0
10 17 79.0 22.0
10 18 59.0 56.0
10 19 62.0 50.0
10 20 65.0 65.0
10 21 42.0 27.0
10 22 47.0 7.0
10 23 61.0 9.0
10 24 56.0 42.0
10 25 78.0 47.0
10 26 70.0 41.0
10 27 3.0 52.0
10 28 55.0 55.0
10 29 54.0 65.0
10 30 79.0 56.0
10 31 53.0 23.0
10 32 45.0 27.0
10 33 34.0 16.0
10 34 52.0 53.0
10 35 73.0 36.0
10 36 55.0 36.0
10 37 42.0 53.0
10 38 4.0 57.0
10 39 44.0 22.0
10 40 22.0 41.0
10 41 7.0 51.0
10 42 58.0 39.0
10 43 41.0 8.0
10 44 72.0 31.0
10 45 37.0 33.0
10 46 27.0 24.0
10 47 0.0 55.0
10 48 34.0 23.0
10 49 31.0 13.0
11 12 12.0 49.0
11 13 79.0 10.0
11 14 20.0 68.0
11 15 29.0 28.0
11 16 0.0 40.0
11 17 72.0 1.0
11 18 11.0 43.0
11 19 52.0 29.0
11 20 35.0 56.0
11 21 40.0 31.0
11 22 3.0 60.0
11 23 70.0 0.0
11 24 29.0 30.0
11 25 48.0 4.0
11 26 7.0 36.0
11 27 76.0 56.0
11 28 28.0 46.0
11 29 19.0 10.0
11 30 48.0 32.0
11 31 71.0 28.0
11 32 24.0 62.0
11 33 26.0 75.0
11 34 48.0 35.0
11 35 67.0 56.0
11 36 11.0 73.0
11 37 45.0 31.0
11 38 56.0 68.0
11 39 33.0 78.0
11 40 11.0 14.0
11 41 46.0 43.0
11 42 3.0 7.0
11 43 51.0 39.0
11 44 41.0 30.0
11 45 74.0 3.0
11 46 71.0 21.0
11 47 36.0 12.0
11 48 20.0 58.0
11 49 79.0 26.0
12 13 33.0 20.0
12 14 29.0 70.0
12 15 6.0 48.0
12 16 75.0 33.0
12 17 59.0 59.0
12 18 36.0 47.0
12 19 16.0 62.0
12 20 0.0 46.0
12 21 69.0 5.0
12 22 27.0 58.0
12 23 35.0 53.0
12 24 61.0 15.0
12 25 27.0 8.0
12 26 35.0 37.0
12 27 78.0 15.0
12 28 76.0 3.0
12 29 42.0 67.0
12 30 62.0 40.0
12 31 60.0 58.0
12 32 9.0 59.0
12 33 54.0 79.0
12 34 72.0 62.0
12 35 70.0 23.0
12 36 13.0 19.0
12 37 4.0 79.0
12 38 13.0 26.0
12 39 68.0 3.0
12 40 69.0 13.0
12 41 37.0 50.0
12 42 32.0 33.0
12 43 45.0 75.0
12 44 48.0 69.0
12 45 20.0 76.0
12 46 70.0 0.0
12 47 14.0 16.0
12 48 31.0 61.0
12 49 79.0 13.0
13 14 77.0 24.0
13 15 14.0 46.0
13 16 24.0 76.0
13 17 22.0 9.0
13 18 44.0 35.0
13 19 36.0 29.0
13 20 30.0 25.0
13 21 64.0 16.0
13 22 17.0 16.0
13 23 67.0 44.0
13 24 3.0 50.0
13 25 68.0 41.0
13 26 57.0 63.0
13 27 78.0 65.0
13 28 55.0 15.0
13 29 22.0 46.0
13 30 27.0 58.0
13 31 74.0 5.0
13 32 3.0 77.0
13 33 46.0 76.0
13 34 2.0 64.0
13 35 2.0 32.0
13 36 33.0 77.0
13 37 42.0 53.0
13 38 7.0 49.0
13 39 69.0 26.0
13 40 49.0 13.0
13 41 46.0 57.0
13 42 52.0 43.0
13 43 2.0 74.0
13 44 64.0 33.0
13 45 61.0 64.0
13 46 47.0 79.0
13 47 69.0 20.0
13 48 13.0 2.0
13 49 66.0 6.0
14 15 64.0 42.0
14 16 13.0 44.0
14 17 50.0 61.0
14 18 41.0 62.0
14 19 48.0 31.0
14 20 29.0 45.0
14 21 74.0 21.0
14 22 5.0 26.0
14 23 26.0 69.0
14 24 34.0 2.0
14 25 7.0 51.0
14 26 60.0 32.0
14 27 41.0 15.0
14 28 74.0 29.0
14 29 35.0 69.0
14 30 70.0 49.0
14 31 77.0 0.0
14 32 26.0 77.0
14 33 56.0 34.0
14 34 11.0 23.0
14 35 0.0 7.0
14 36 13.0 12.0
14 37 27.0 19.0
14 38 54.0 2.0
14 39 67.0 78.0
14 40 22.0 41.0
14 41 10.0 75.0
14 42 47.0 54.0
14 43 77.0 50.0
14 44 40.0 42.0
14 45 68.0 70.0
14 46 42.0 4.0
14 47 74.0 18.0
14 48 76.0 57.0
14 49 59.0 32.0
15 16 11.0 13.0
15 17 46.0 54.0
15 18 57.0 17.0
15 19 55.0 32.0
15 20 4.0 26.0
15 21 72.0 73.0
15 22 56.0 71.0
15 23 64.0 38.0
15 24 27.0 14.0
15 25 48.0 24.0
15 26 49.0 70.0
15 27 63.0 72.0
15 28 54.0 1.0
15 29 70.0 39.0
15 30 31.0 57.0
15 31 39.0 47.0
15 32 50.0 29.0
15 33 57.0 55.0
15 34 22.0 6.0
15 35 32.0 31.0
15 36 11.0 0.0
15 37 65.0 74.0
15 38 49.0 58.0
15 39 33.0 38.0
15 40 18.0 40.0
15 41 9.0 9.0
15 42 30.0 78.0
15 43 73.0 28.0
15 44 0.0 11.0
15 45 7.0 36.0
15 46 16.0 7.0
15 47 9.0 76.0
15 48 6.0 12.0
15 49 41.0 62.0
16 17 16.0 60.0
16 18 31.0 61.0
16 19 27.0 15.0
16 20 13.0 62.0
16 21 32.0 16.0
16 22 4.0 73.0
16 23 22.0 73.0
16 24 31.0 58.0
16 25 68.0 16.0
16 26 40.0 49.0
16 27 75.0 41.0
16 28 13.0 62.0
16 29 16.0 16.0
16 30 33.0 3.0
16 31 12.0 41.0
16 32 0.0 52.0
16 33 62.0 29.0
16 34 65.0 38.0
16 35 29.0 5.0
16 36 41.0 55.0
16 37 76.0 19.0
16 38 55.0 27.0
16 39 34.0 5.0
16 40 45.0 74.0
16 41 18.0 18.0
16 42 58.0 23.0
16 43 57.0 15.0
16 44 16.0 2.0
16 45 65.0 73.0
16 46 51.0 9.0
16 47 29.0 30.0
16 48 15.0 70.0
16 49 77.0 9.0
17 18 71.0 70.0
17 19 53.0 1.0
17 20 56.0 72.0
17 21 58.0 65.0
17 22 32.0 7.0
17 23 6.0 65.0
17 24 27.0 79.0
17 25 59.0 36.0
17 26 3.0 69.0
17 27 60.0 19.0
17 28 54.0 8.0
17 29 17.0 26.0
17 30 71.0 25.0
17 31 35.0 44.0
17 32 15.0 43.0
17 33 66.0 16.0
17 34 27.0 4.0
17 35 10.0 10.0
17 36 67.0 50.0
17 37 67.0 51.0
17 38 4.0 71.0
17 39 49.0 18.0
17 40 40.0 57.0
17 41 27.0 55.0
17 42 4.0 10.0
17 43 41.0 66.0
17 44 28.0 23.0
17 45 79.0 7.0
17 46 1.0 72.0
17 47 19.0 67.0
17 48 46.0 65.0
17 49 0.0 31.0
18 19 14.0 4.0
18 20 69.0 42.0
18 21 42.0 8.0
18 22 63.0 46.0
18 23 59.0 21.0
18 24 79.0 37.0
18 25 65.0 13.0
18 26 47.0 33.0
18 27 60.0 36.0
18 28 73.0 65.0
18 29 42.0 23.0
18 30 32.0 21.0
18 31 56.0 12.0
18 32 46.0 34.0
18 33 44.0 46.0
18 34 70.0 13.0
18 35 37.0 74.0
18 36 30.0 68.0
18 37 66.0 20.0
18 38 50.0 72.0
18 39 34.0 75.0
18 40 41.0 11.0
18 41 41.0 48.0
18 42 75.0 70.0
18 43 11.0 45.0
18 44 63.0 72.0
18 45 29.0 38.0
18 46 48.0 74.0
18 47 70.0 69.0
18 48 42.0 2.0
18 49 40.0 17.0
19 20 13.0 64.0
19 21 47.0 21.0
19 22 14.0 44.0
19 23 1.0 41.0
19 24 50.0 23.0
19 25 61.0 72.0
19 26 52.0 39.0
19 27 9.0 4.0
19 28 74.0 55.0
19 29 34.0 74.0
19 30 4.0 68.0
19 31 13.0 34.0
19 32 37.0 34.0
19 33 9.0 57.0
19 34 2.0 42.0
19 35 60.0 69.0
19 36 48.0 66.0
19 37 59.0 11.0
19 38 54.0 14.0
19 39 1.0 24.0
19 40 8.0 27.0
19 41 4.0 15.0
19 42 20.0 3.0
19 43 9.0 49.0
19 44 28.0 57.0
19 45 58.0 41.0
19 46 71.0 78.0
19 47 45.0 43.0
19 48 49.0 31.0
19 49 27.0 14.0
20 21 20.0 69.0
20 22 67.0 8.0
20 23 61.0 68.0
20 24 57.0 3.0
20 25 41.0 42.0
20 26 14.0 38.0
20 27 1.0 9.0
20 28 67.0 21.0
20 29 5.0 42.0
20 30 42.0 37.0
20 31 10.0 10.0
20 32 64.0 13.0
20 33 10.0 14.0
20 34 79.0 25.0
20 35 74.0 16.0
20 36 34.0 5.0
20 37 17.0 11.0
20 38 32.0 71.0
20 39 62.0 55.0
20 40 11.0 26.0
20 41 6.0 54.0
20 42 73.0 49.0
20 43 57.0 75.0
20 44 17.0 78.0
20 45 67.0 50.0
20 46 17.0 11.0
20 47 77.0 14.0
20 48 55.0 72.0
20 49 55.0 77.0
21 22 6.0 20.0
21 23 26.0 40.0
21 24 48.0 15.0
21 25 11.0 4.0
21 26 9.0 27.0
21 27 68.0 13.0
21 28 43.0 51.0
21 29 28.0 39.0
21 30 63.0 61.0
21 31 33.0 52.0
21 32 35.0 25.0
21 33 76.0 26.0
21 34 4.0 60.0
21 35 32.0 20.0
21 36 37.0 8.0
21 37 67.0 2.0
21 38 24.0 21.0
21 39 12.0 4.0
21 40 17.0 76.0
21 41 68.0 18.0
21 42 26.0 7.0
21 43 49.0 18.0
21 44 74.0 18.0
21 45 67.0 12.0
21 46 50.0 73.0
21 47 18.0 49.0
21 48 4.0 5.0
21 49 42.0 56.0
22 23 73.0 4.0
22 24 28.0 4.0
22 25 78.0 16.0
22 26 71.0 75.0
22 27 73.0 12.0
22 28 17.0 71.0
22 29 20.0 30.0
22 30 22.0 48.0
22 31 39.0 2.0
22 32 64.0 30.0
22 33 70.0 15.0
22 34 70.0 61.0
22 35 59.0 40.0
22 36 19.0 50.0
22 37 43.0 20.0
22 38 39.0 5.0
22 39 21.0 2.0
22 40 59.0 22.0
22 41 29.0 13.0
22 42 13.0 76.0
22 43 37.0 32.0
22 44 63.0 57.0
22 45 11.0 26.0
22 46 52.0 28.0
22 47 47.0 72.0
22 48 20.0 70.0
22 49 36.0 54.0
23 24 28.0 25.0
23 25 22.0 53.0
23 26 43.0 39.0
23 27 12.0 20.0
23 28 71.0 49.0
23 29 13.0 37.0
23 30 22.0 52.0
23 31 73.0 19.0
23 32 78.0 12.0
23 33 10.0 72.0
23 34 16.0 26.0
23 35 33.0 23.0
23 36 46.0 63.0
23 37 30.0 60.0
23 38 50.0 55.0
23 39 1.0 71.0
23 40 33.0 48.0
23 41 72.0 51.0
23 42 32.0 11.0
23 43 58.0 67.0
23 44 25.0 15.0
23 45 25.0 36.0
23 46 71.0 9.0
23 47 8.0 13.0
23 48 15.0 33.0
23 49 36.0 27.0
24 25 34.0 19.0
24 26 51.0 55.0
24 27 55.0 71.0
24 28 77.0 40.0
24 29 60.0 28.0
24 30 59.0 59.0
24 31 49.0 57.0
24 32 25.0 66.0
24 33 8.0 78.0
24 34 45.0 7.0
24 35 2.0 26.0
24 36 36.0 11.0
24 37 71.0 21.0
24 38 21.0 66.0
24 39 47.0 61.0
24 40 1.0 13.0
24 41 61.0 29.0
24 42 9.0 54.0
24 43 44.0 6.0
24 44 17.0 8.0
24 45 49.0 1.0
24 46 55.0 37.0
24 47 39.0 19.0
24 48 45.0 37.0
24 49 0.0 73.0
25 26 39.0 41.0
25 27 67.0 6.0
25 28 42.0 71.0
25 29 62.0 52.0
25 30 32.0 45.0
25 31 54.0 11.0
25 32 73.0 3.0
25 33 39.0 71.0
25 34 39.0 42.0
25 35 11.0 25.0
25 36 79.0 75.0
25 37 35.0 26.0
25 38 7.0 50.0
25 39 50.0 6.0
25 40 33.0 71.0
25 41 71.0 41.0
25 42 6.0 52.0
25 43 79.0 67.0
25 44 4.0 10.0
25 45 5.0 54.0
25 46 77.0 35.0
25 47 55.0 64.0
25 48 26.0 19.0
25 49 74.0 14.0
26 27 14.0 61.0
26 28 10.0 63.0
26 29 58.0 65.0
26 30 34.0 69.0
26 31 4.0 14.0
26 32 62.0 76.0
26 33 65.0 52.0
26 34 42.0 53.0
26 35 18.0 21.0
26 36 27.0 38.0
26 37 22.0 17.0
26 38 19.0 42.0
26 39 62.0 53.0
26 40 60.0 70.0
26 41 66.0 10.0
26 42 73.0 54.0
26 43 78.0 3.0
26 44 59.0 39.0
26 45 13.0 31.0
26 46 5.0 3.0
26 47 41.0 66.0
26 48 1.0 22.0
26 49 78.0 49.0
27 28 18.0 67.0
27 29 29.0 25.0
27 30 13.0 12.0
27 31 12.0 58.0
27 32 46.0 52.0
27 33 10.0 23.0
27 34 45.0 21.0
27 35 12.0 49.0
27 36 37.0 33.0
27 37 20.0 17.0
27 38 56.0 22.0
27 39 63.0 51.0
27 40 35.0 22.0
27 41 78.0 10.0
27 42 23.0 72.0
27 43 40.0 12.0
27 44 8.0 63.0
27 45 75.0 2.0
27 46 1.0 72.0
27 47 56.0 29.0
27 48 14.0 67.0
27 49 26.0 10.0
28 29 30.0 76.0
28 30 53.0 66.0
28 31 53.0 2.0
28 32 45.0 4.0
28 33 59.0 11.0
28 34 32.0 18.0
28 35 42.0 33.0
28 36 70.0 39.0
28 37 50.0 52.0
28 38 44.0 57.0
28 39 4.0 22.0
28 40 42.0 55.0
28 41 54.0 49.0
28 42 48.0 48.0
28 43 18.0 76.0
28 44 6.0 41.0
28 45 33.0 31.0
28 46 40.0 24.0
28 47 54.0 14.0
28 48 23.0 47.0
28 49 56.0 55.0
29 30 1.0 45.0
29 31 25.0 14.0
29 32 7.0 13.0
29 33 24.0 33.0
29 34 4.0 35.0
29 35 51.0 39.0
29 36 24.0 2.0
29 37 52.0 65.0
29 38 70.0 68.0
29 39 15.0 24.0
29 40 8.0 62.0
29 41 77.0 70.0
29 42 16.0 41.0
29 43 2.0 26.0
29 44 46.0 24.0
29 45 68.0 71.0
29 46 37.0 0.0
29 47 41.0 28.0
29 48 30.0 72.0
29 49 44.0 20.0
30 31 16.0 24.0
30 32 21.0 26.0
30 33 15.0 15.0
30 34 56.0 70.0
30 35 27.0 31.0
30 36 41.0 19.0
30 37 78.0 62.0
30 38 55.0 11.0
30 39 7.0 2.0
30 40 50.0 18.0
30 41 77.0 25.0
30 42 53.0 7.0
30 43 3.0 33.0
30 44 76.0 29.0
30 45 63.0 75.0
30 46 15.0 72.0
30 47 0.0 41.0
30 48 19.0 11.0
30 49 61.0 54.0
31 32 31.0 13.0
31 33 54.0 37.0
31 34 67.0 56.0
31 35 0.0 9.0
31 36 41.0 25.0
31 37 54.0 18.0
31 38 34.0 50.0
31 39 35.0 25.0
31 40 42.0 0.0
31 41 41.0 39.0
31 42 41.0 3.0
31 43 68.0 11.0
31 44 38.0 60.0
31 45 60.0 32.0
31 46 4.0 6.0
31 47 78.0 5.0
31 48 6.0 12.0
31 49 76.0 77.0
32 33 20.0 5.0
32 34 3.0 74.0
32 35 16.0 0.0
32 36 45.0 22.0
32 37 36.0 30.0
32 38 31.0 65.0
32 39 63.0 65.0
32 40 14.0 67.0
32 41 34.0 4.0
32 42 6.0 79.0
32 43 23.0 36.0
32 44 7.0 54.0
32 45 17.0 65.0
32 46 53.0 41.0
32 47 73.0 48.0
32 48 32.0 63.0
32 49 73.0 57.0
33 34 25.0 76.0
33 35 68.0 1.0
33 36 41.0 37.0
33 37 71.0 66.0
33 38 24.0 60.0
33 39 25.0 59.0
33 40 19.0 39.0
33 41 33.0 36.0
33 42 76.0 3.0
33 43 70.0 23.0
33 44 66.0 28.0
33 45 49.0 34.0
33 46 9.0 71.0
33 47 50.0 68.0
33 48 61.0 4.0
33 49 23.0 12.0
34 35 50.0 10.0
34 36 46.0 9.0
34 37 15.0 46.0
34 38 23.0 49.0
34 39 23.0 67.0
34 40 25.0 6.0
34 41 1.0 72.0
34 42 55.0 7.0
34 43 70.0 18.0
34 44 32.0 2.0
34 45 68.0 34.0
34 46 39.0 56.0
34 47 11.0 6.0
34 48 37.0 27.0
34 49 18.0 26.0
35 36 13.0 27.0
35 37 67.0 58.0
35 38 4.0 23.0
35 39 39.0 69.0
35 40 15.0 54.0
35 41 6.0 59.0
35 42 53.0 68.0
35 43 75.0 33.0
35 44 47.0 34.0
35 45 73.0 64.0
35 46 62.0 46.0
35 47 74.0 58.0
35 48 75.0 56.0
35 49 72.0 69.0
36 37 49.0 31.0
36 38 17.0 17.0
36 39 2.0 0.0
36 40 65.0 38.0
36 41 13.0 34.0
36 42 30.0 12.0
36 43 62.0 22.0
36 44 60.0 6.0
36 45 25.0 3.0
36 46 57.0 74.0
36 47 65.0 76.0
36 48 73.0 40.0
36 49 38.0 51.0
37 38 64.0 38.0
37 39 56.0 71.0
37 40 79.0 6.0
37 41 63.0 22.0
37 42 76.0 66.0
37 43 26.0 26.0
37 44 39.0 48.0
37 45 72.0 16.0
37 46 39.0 31.0
37 47 28.0 61.0
37 48 71.0 15.0
37 49 60.0 2.0
38 39 56.0 23.0
38 40 30.0 71.0
38 41 15.0 58.0
38 42 10.0 67.0
38 43 44.0 51.0
38 44 36.0 65.0
38 45 61.0 33.0
38 46 47.0 20.0
38 47 35.0 37.0
38 48 10.0 8.0
38 49 56.0 22.0
39 40 0.0 68.0
39 41 35.0 4.0
39 42 57.0 69.0
39 43 53.0 23.0
39 44 54.0 24.0
39 45 13.0 11.0
39 46 18.0 22.0
39 47 56.0 6.0
39 48 60.0 71.0
39 49 0.0 58.0
40 41 31.0 7.0
40 42 25.0 56.0
40 43 46.0 43.0
40 44 69.0 26.0
40 45 3.0 7.0
40 46 37.0 6.0
40 47 66.0 17.0
40 48 35.0 11.0
40 49 37.0 8.0
41 42 8.0 38.0
41 43 58.0 78.0
41 44 24.0 58.0
41 45 71.0 79.0
41 46 16.0 34.0
41 47 67.0 31.0
41 48 8.0 17.0
41 49 31.0 25.0
42 43 37.0 72.0
42 44 25.0 46.0
42 45 33.0 70.0
42 46 5.0 9.0
42 47 70.0 15.0
42 48 32.0 65.0
42 49 53.0 68.0
43 44 39.0 54.0
43 45 33.0 25.0
43 46 57.0 12.0
43 47 44.0 30.0
43 48 26.0 42.0
43 49 62.0 4.0
44 45 30.0 4.0
44 46 62.0 35.0
44 47 31.0 2.0
44 48 14.0 55.0
44 49 1.0 2.0
45 46 30.0 64.0
45 47 68.0 68.0
45 48 11.0 59.0
45 49 72.0 1.0
46 47 23.0 54.0
46 48 0.0 49.0
46 49 12.0 7.0
47 48 71.0 27.0
47 49 26.0 52.0
48 49 14.0 67.0
