50
94.691
0 1 77.71 26.192
0 2 8.23 94.361
0 3 27.968 42.409
0 4 47.003 81.334
0 5 80.083 24.912
0 6 51.962 95.142
0 7 29.689 5.006
0 8 62.306 0.483
0 9 31.977 60.84
0 10 80.911 62.578
0 11 50.216 79.392
0 12 67.966 7.925
0 13 86.539 73.881
0 14 60.712 36.821
0 15 67.648 66.728
0 16 27.317 14.561
0 17 80.434 56.116
0 18 53.964 96.203
0 19 75.213 35.582
0 20 99.064 78.51
0 21 29.325 80.506
0 22 38.794 65.05
0 23 23.185 14.469
0 24 56.343 83.463
0 25 72.449 89.425
0 26 58.757 99.732
0 27 28.827 15.508
0 28 40.007 79.619
0 29 19.799 44.893
0 30 1.356 22.848
0 31 88.936 63.699
0 32 46.185 81.372
0 33 92.789 55.66
0 34 49.654 93.754
0 35 81.25 77.417
0 36 29.14 23.823
0 37 76.014 60.924
0 38 86.639 73.25
0 39 27.677 61.054
0 40 8.229 30.279
0 41 91.892 55.85
0 42 6.111 64.657
0 43 39.658 43.353
0 44 93.843 67.394
0 45 81.697 44.532
0 46 94.718 60.807
0 47 89.904 56.546
0 48 98.759 57.522
0 49 76.385 50.8
1 2 37.845 44.169
1 3 32.334 6.023
1 4 14.884 86.747
1 5 2.475 82.379
1 6 95.456 52.219
1 7 10.158 20.482
1 8 88.082 28.841
1 9 29.591 78.308
1 10 63.289 2.287
1 11 59.597 97.54
1 12 81.353 25.775
1 13 12.196 56.075
1 14 95.841 89.924
1 15 73.087 16.813
1 16 50.816 21.424
1 17 83.739 21.994
1 18 41.512 7.677
1 19 99.934 71.642
1 20 4.363 4.12
1 21 69.587 67.976
1 22 52.071 79.739
1 23 94.215 35.266
1 24 8.246 30.533
1 25 23.921 11.844
1 26 47.229 34.728
1 27 26.718 43.91
1 28 20.919 50.414
1 29 27.602 3.475
1 30 62.642 87.155
1 31 83.724 12.227
1 32 57.748 26.607
1 33 40.87 5.346
1 34 68.267 93.166
1 35 79.242 5.67
1 36 58.275 23.351
1 37 85.537 15.247
1 38 80.343 1.237
1 39 11.901 52.956
1 40 98.022 65.326
1 41 22.913 39.435
1 42 41.138 20.651
1 43 56.616 38.762
1 44 47.194 68.437
1 45 13.032 0.66
1 46 86.604 88.86
1 47 38.956 88.914
1 48 21.173 76.15
1 49 76.664 0.807
2 3 35.771 60.702
2 4 51.7 9.891
2 5 34.041 62.611
2 6 41.339 62.827
2 7 30.62 27.882
2 8 26.765 63.528
2 9 7.562 97.498
2 10 92.913 34.541
2 11 82.395 50.222
2 12 90.252 91.928
2 13 31.648 80.002
2 14 8.042 65.997
2 15 84.328 46.845
2 16 49.404 69.157
2 17 43.748 97.889
2 18 95.233 13.67
2 19 14.926 79.582
2 20 2.276 93.7
2 21 84.505 67.643
2 22 45.446 10.683
2 23 85.073 80.994
2 24 65.267 16.32
2 25 85.154 16.048
2 26 25.686 49.246
2 27 10.028 64.902
2 28 18.298 89.274
2 29 74.39 20.001
2 30 82.661 14.257
2 31 25.691 45.968
2 32 3.574 53.415
2 33 63.727 8.616
2 34 74.749 53.167
2 35 91.445 53.163
2 36 73.261 95.427
2 37 47.377 77.138
2 38 41.74 43.735
2 39 42.926 57.303
2 40 8.649 47.199
2 41 34.772 31.483
2 42 73.411 59.506
2 43 14.833 99.129
2 44 88.01 97.07
2 45 73.163 44.101
2 46 64.736 64.556
2 47 33.605 17.621
2 48 86.365 79.529
2 49 60.487 17.419
3 4 57.999 0.249
3 5 8.23 20.123
3 6 58.456 33.547
3 7 4.978 33.127
3 8 90.295 65.749
3 9 8.564 4.129
3 10 67.569 28.882
3 11 12.293 80.541
3 12 82.95 4.015
3 13 31.039 24.214
3 14 52.22 85.058
3 15 88.694 43.044
3 16 0.742 58.825
3 17 74.797 22.024
3 18 11.611 26.261
3 19 57.304 97.633
3 20 81.879 65.907
3 21 17.516 70.918
3 22 36.286 63.423
3 23 9.218 83.888
3 24 91.033 92.35
3 25 13.967 77.454
3 26 37.816 65.794
3 27 13.909 63.188
3 28 4.034 90.575
3 29 94.177 17.989
3 30 2.984 87.287
3 31 8.531 85.471
3 32 95.73 34.204
3 33 33.993 90.017
3 34 97.722 68.688
3 35 42.974 6.013
3 36 83.728 21.097
3 37 85.205 51.825
3 38 75.036 1.339
3 39 16.428 42.551
3 40 14.245 6.145
3 41 27.357 40.291
3 42 23.66 8.935
3 43 39.958 1.652
3 44 47.479 30.843
3 45 37.455 44.695
3 46 26.235 38.558
3 47 72.759 11.649
3 48 97.277 95.187
3 49 64.466 7.316
4 5 97.348 22.225
4 6 59.611 60.047
4 7 98.529 18.336
4 8 33.298 17.875
4 9 49.912 32.563
4 10 0.454 59.245
4 11 81.073 39.385
4 12 31.531 53.841
4 13 69.076 83.994
4 14 95.08 10.882
4 15 76.925 19.787
4 16 63.406 93.078
4 17 57.091 99.639
4 18 29.697 7.32
4 19 61.14 70.188
4 20 8.879 15.954
4 21 42.848 37.305
4 22 0.003 59.664
4 23 30.957 12.887
4 24 83.071 92.133
4 25 69.554 87.309
4 26 10.267 22.561
4 27 86.841 46.721
4 28 29.791 31.523
4 29 5.254 35.316
4 30 55.43 73.211
4 31 88.934 97.445
4 32 5.662 17.12
4 33 18.702 13.639
4 34 77.823 55.884
4 35 10.163 97.38
4 36 85.655 44.642
4 37 23.576 43.079
4 38 31.561 12.204
4 39 33.871 8.882
4 40 85.915 82.302
4 41 35.742 73.24
4 42 31.271 27.543
4 43 90.625 34.337
4 44 0.534 88.022
4 45 10.138 30.773
4 46 63.636 10.791
4 47 19.884 80.397
4 48 25.454 89.323
4 49 94.588 1.127
5 6 83.142 21.603
5 7 45.539 28.543
5 8 87.637 4.142
5 9 45.844 72.083
5 10 0.624 26.524
5 11 47.36 66.53
5 12 73.821 48.708
5 13 36.332 61.814
5 14 98.595 24.207
5 15 59.265 56.796
5 16 83.85 12.293
5 17 58.067 25.708
5 18 45.265 88.787
5 19 95.92 45.574
5 20 78.203 36.04
5 21 5.642 93.019
5 22 24.008 37.038
5 23 75.108 29.604
5 24 31.943 37.162
5 25 70.512 21.745
5 26 47.823 74.21
5 27 17.189 38.62
5 28 97.669 21.15
5 29 51.228 95.966
5 30 19.816 45.171
5 31 66.253 9.562
5 32 30.606 69.905
5 33 69.357 67.626
5 34 45.368 61.066
5 35 23.093 22.434
5 36 85.545 10.591
5 37 32.031 81.12
5 38 98.752 11.519
5 39 83.984 22.977
5 40 44.604 81.209
5 41 95.523 29.388
5 42 49.923 11.327
5 43 41.852 56.027
5 44 50.652 65.12
5 45 93.543 17.1
5 46 50.705 35.581
5 47 58.299 30.62
5 48 48.977 75.59
5 49 81.963 11.813
6 7 66.31 60.931
6 8 82.54 33.868
6 9 71.469 29.251
6 10 66.857 53.311
6 11 90.499 14.675
6 12 85.117 54.749
6 13 71.139 95.999
6 14 66.944 90.806
6 15 5.467 53.924
6 16 61.365 23.635
6 17 27.399 42.832
6 18 50.971 5.869
6 19 62.266 76.434
6 20 85.151 42.282
6 21 35.885 8.734
6 22 83.534 84.687
6 23 10.665 32.968
6 24 98.624 79.105
6 25 82.069 67.808
6 26 37.334 43.109
6 27 36.783 10.342
6 28 12.614 9.464
6 29 61.942 45.502
6 30 67.43 7.523
6 31 7.177 85.312
6 32 86.712 96.276
6 33 95.273 44.719
6 34 78.639 79.714
6 35 43.798 49.458
6 36 29.007 44.542
6 37 56.419 49.406
6 38 78.127 22.659
6 39 60.085 67.063
6 40 75.878 42.36
6 41 87.528 32.018
6 42 17.064 3.091
6 43 4.794 21.666
6 44 91.126 6.503
6 45 23.235 20.066
6 46 58.827 29.983
6 47 7.829 17.995
6 48 48.029 62.53
6 49 69.445 45.816
7 8 39.463 36.6
7 9 58.226 28.193
7 10 45.411 68.635
7 11 19.649 54.082
7 12 31.711 94.735
7 13 75.05 22.309
7 14 55.168 40.002
7 15 68.383 91.84
7 16 21.714 51.168
7 17 94.055 50.61
7 18 93.693 94.544
7 19 84.317 3.392
7 20 74.907 38.409
7 21 87.448 84.375
7 22 4.215 97.626
7 23 46.767 83.101
7 24 66.762 63.509
7 25 62.433 86.709
7 26 44.384 18.84
7 27 8.47 2.396
7 28 81.751 11.377
7 29 31.365 10.757
7 30 47.045 29.656
7 31 16.106 31.491
7 32 40.2 14.842
7 33 66.955 73.996
7 34 34.162 62.6
7 35 34.623 68.431
7 36 54.86 50.248
7 37 83.566 17.594
7 38 26.02 64.398
7 39 82.754 69.946
7 40 67.966 93.655
7 41 17.928 11.02
7 42 60.624 8.046
7 43 34.109 85.924
7 44 74.119 35.931
7 45 33.935 23.369
7 46 89.932 35.113
7 47 44.188 94.282
7 48 99.741 92.515
7 49 88.854 36.057
8 9 68.664 15.919
8 10 9.319 87.686
8 11 45.933 26.098
8 12 57.954 69.912
8 13 51.897 30.195
8 14 51.345 8.468
8 15 29.109 84.273
8 16 90.007 54.7
8 17 48.72 0.425
8 18 10.927 7.735
8 19 38.366 54.813
8 20 95.058 65.85
8 21 18.236 62.541
8 22 64.44 29.601
8 23 80.554 26.414
8 24 28.82 27.03
8 25 26.802 64.775
8 26 93.907 34.825
8 27 29.035 56.093
8 28 10.688 63.659
8 29 20.225 52.968
8 30 53.187 63.868
8 31 31.26 68.74
8 32 72.651 11.428
8 33 39.461 38.363
8 34 4.972 19.344
8 35 99.046 63.648
8 36 24.988 36.847
8 37 59.395 70.512
8 38 61.538 59.358
8 39 99.608 72.939
8 40 45.279 67.339
8 41 71.89 29.851
8 42 54.121 42.326
8 43 34.75 4.839
8 44 93.18 97.0
8 45 90.846 59.567
8 46 57.543 20.038
8 47 54.703 76.201
8 48 60.059 45.008
8 49 95.86 80.015
9 10 69.145 74.99
9 11 20.147 88.965
9 12 43.257 67.797
9 13 27.573 42.317
9 14 61.29 14.493
9 15 60.727 38.622
9 16 33.707 72.645
9 17 2.938 34.977
9 18 21.709 61.719
9 19 42.008 32.981
9 20 71.841 48.148
9 21 88.617 73.802
9 22 87.369 70.83
9 23 74.487 11.965
9 24 7.599 52.227
9 25 37.336 11.793
9 26 94.996 84.339
9 27 67.095 64.766
9 28 76.876 74.842
9 29 35.606 74.465
9 30 78.835 55.064
9 31 29.235 32.625
9 32 55.353 3.722
9 33 68.02 40.957
9 34 96.093 41.442
9 35 63.887 92.82
9 36 95.432 46.07
9 37 16.738 8.203
9 38 1.113 96.362
9 39 0.513 76.26
9 40 22.073 51.274
9 41 59.522 41.774
9 42 54.685 64.751
9 43 83.267 55.914
9 44 10.211 35.789
9 45 83.477 48.957
9 46 32.783 87.447
9 47 4.217 96.813
9 48 20.004 59.952
9 49 75.207 2.161
10 11 82.901 27.341
10 12 22.032 91.1
10 13 6.155 13.984
10 14 51.563 46.411
10 15 68.76 63.142
10 16 73.191 98.979
10 17 34.739 30.321
10 18 55.033 18.797
10 19 70.097 84.125
10 20 16.271 57.789
10 21 38.626 96.992
10 22 91.767 6.909
10 23 20.625 67.444
10 24 3.578 92.197
10 25 49.124 21.693
10 26 23.909 79.092
10 27 15.974 74.19
10 28 0.245 62.298
10 29 31.884 17.219
10 30 61.769 45.89
10 31 39.069 0.087
10 32 4.22 50.153
10 33 44.746 66.287
10 34 11.064 2.911
10 35 87.466 75.373
10 36 92.45 3.972
10 37 37.99 5.517
10 38 17.704 78.76
10 39 40.083 96.691
10 40 49.335 42.205
10 41 5.505 59.252
10 42 58.501 75.343
10 43 12.21 30.378
10 44 48.828 0.331
10 45 72.92 49.946
10 46 39.814 8.503
10 47 22.633 77.404
10 48 12.071 90.101
10 49 69.028 88.367
11 12 98.899 95.496
11 13 78.727 87.994
11 14 74.577 75.787
11 15 62.751 79.157
11 16 24.924 85.507
11 17 30.127 64.259
11 18 91.958 70.401
11 19 91.091 17.962
11 20 33.926 20.886
11 21 18.735 24.376
11 22 52.157 85.327
11 23 15.886 80.449
11 24 89.459 86.744
11 25 58.46 62.848
11 26 72.799 49.722
11 27 11.918 70.886
11 28 46.524 24.059
11 29 93.501 56.485
11 30 75.674 10.668
11 31 8.439 75.456
11 32 56.839 46.209
11 33 94.573 47.901
11 34 64.597 99.502
11 35 60.363 67.643
11 36 13.31 98.79
11 37 91.638 92.722
11 38 13.506 77.158
11 39 68.873 1.688
11 40 25.773 76.697
11 41 2.998 17.402
11 42 41.351 35.991
11 43 84.44 35.811
11 44 55.213 51.301
11 45 44.086 71.018
11 46 7.286 70.595
11 47 37.305 11.595
11 48 86.387 8.713
11 49 62.069 81.133
12 13 50.148 6.999
12 14 89.702 31.161
12 15 75.526 4.059
12 16 20.799 23.214
12 17 14.513 88.838
12 18 98.913 80.678
12 19 81.194 28.884
12 20 71.605 20.468
12 21 77.176 27.852
12 22 71.246 7.816
12 23 5.117 11.695
12 24 76.035 25.406
12 25 16.822 72.662
12 26 56.631 57.275
12 27 57.947 15.281
12 28 75.029 85.942
12 29 19.857 47.075
12 30 44.824 38.305
12 31 4.33 9.953
12 32 44.898 0.124
12 33 34.827 51.846
12 34 56.296 15.832
12 35 37.586 60.793
12 36 95.372 11.71
12 37 22.886 45.943
12 38 3.632 48.432
12 39 27.29 25.471
12 40 82.489 41.137
12 41 24.032 11.697
12 42 59.979 71.513
12 43 72.761 79.116
12 44 14.116 8.615
12 45 17.139 55.708
12 46 86.001 87.142
12 47 30.628 46.805
12 48 48.828 28.927
12 49 73.762 68.735
13 14 82.1 46.912
13 15 50.539 43.501
13 16 68.259 81.269
13 17 40.13 94.237
13 18 23.446 2.241
13 19 39.318 46.718
13 20 85.039 9.602
13 21 79.193 34.124
13 22 48.635 21.893
13 23 31.723 92.647
13 24 21.449 64.808
13 25 59.988 73.675
13 26 55.185 94.88
13 27 46.046 73.522
13 28 0.139 61.671
13 29 99.914 10.338
13 30 33.237 82.711
13 31 21.301 43.572
13 32 87.563 33.834
13 33 40.391 88.705
13 34 93.076 48.958
13 35 93.384 76.705
13 36 70.98 95.742
13 37 83.55 10.491
13 38 98.359 72.173
13 39 17.13 1.275
13 40 78.549 45.381
13 41 54.914 66.61
13 42 29.426 72.04
13 43 22.729 22.474
13 44 78.737 17.452
13 45 97.778 39.123
13 46 15.451 35.416
13 47 36.195 51.369
13 48 66.539 79.978
13 49 69.715 53.015
14 15 25.838 78.105
14 16 75.504 0.611
14 17 52.222 7.641
14 18 8.307 84.199
14 19 52.467 92.874
14 20 69.215 93.315
14 21 49.723 51.553
14 22 23.016 66.793
14 23 11.623 17.899
14 24 3.193 13.121
14 25 27.746 95.473
14 26 6.357 87.723
14 27 75.282 7.439
14 28 90.388 44.381
14 29 12.023 44.291
14 30 75.346 99.896
14 31 68.57 13.069
14 32 81.663 18.466
14 33 80.101 62.971
14 34 84.181 3.797
14 35 15.888 68.351
14 36 60.218 48.878
14 37 52.484 42.599
14 38 39.198 10.772
14 39 96.506 87.067
14 40 79.452 1.604
14 41 15.538 20.582
14 42 66.491 43.745
14 43 44.407 86.79
14 44 10.417 61.922
14 45 25.68 9.729
14 46 90.347 70.1
14 47 7.447 6.118
14 48 4.398 54.807
14 49 24.234 24.445
15 16 36.913 79.99
15 17 17.805 36.418
15 18 55.174 82.526
15 19 3.913 24.069
15 20 50.131 84.351
15 21 39.507 33.725
15 22 34.878 45.415
15 23 89.729 81.095
15 24 94.614 88.652
15 25 97.638 2.39
15 26 97.061 37.784
15 27 77.691 53.386
15 28 85.447 26.694
15 29 21.17 69.838
15 30 51.722 9.214
15 31 46.81 85.868
15 32 14.53 51.576
15 33 95.473 85.387
15 34 4.921 89.155
15 35 33.893 0.019
15 36 42.33 53.471
15 37 58.361 15.36
15 38 64.485 37.637
15 39 64.077 32.534
15 40 59.454 4.507
15 41 89.671 57.441
15 42 86.29 42.592
15 43 66.602 64.252
15 44 47.067 56.364
15 45 4.743 41.624
15 46 54.721 60.593
15 47 15.68 84.147
15 48 32.229 35.189
15 49 9.126 77.079
16 17 69.975 84.976
16 18 44.094 66.983
16 19 79.942 82.832
16 20 51.752 79.402
16 21 30.034 94.355
16 22 81.342 53.681
16 23 71.135 34.596
16 24 58.45 37.397
16 25 0.607 63.152
16 26 82.959 59.52
16 27 98.674 82.579
16 28 19.513 52.616
16 29 94.729 94.57
16 30 20.051 97.692
16 31 1.874 58.973
16 32 88.237 67.047
16 33 81.326 9.407
16 34 46.232 73.169
16 35 41.168 42.741
16 36 83.077 32.25
16 37 23.204 62.579
16 38 33.463 27.437
16 39 24.769 76.649
16 40 51.211 33.334
16 41 77.658 63.521
16 42 33.925 69.729
16 43 28.183 94.551
16 44 92.018 23.379
16 45 34.48 9.724
16 46 60.219 29.133
16 47 56.34 16.055
16 48 31.077 84.561
16 49 3.369 34.441
17 18 82.428 66.41
17 19 28.427 11.11
17 20 16.211 1.322
17 21 72.37 0.938
17 22 4.268 47.121
17 23 58.019 7.94
17 24 67.226 46.745
17 25 24.13 78.799
17 26 31.928 94.975
17 27 13.008 32.8
17 28 79.827 86.415
17 29 57.757 97.358
17 30 0.529 11.25
17 31 32.401 19.101
17 32 87.959 45.63
17 33 35.686 36.803
17 34 0.245 79.783
17 35 4.814 25.498
17 36 49.793 56.421
17 37 46.794 89.663
17 38 58.178 27.985
17 39 45.624 79.248
17 40 33.733 36.607
17 41 31.367 93.91
17 42 85.478 46.654
17 43 67.529 57.985
17 44 32.325 7.438
17 45 81.578 81.739
17 46 28.101 10.623
17 47 35.942 66.381
17 48 98.381 74.239
17 49 68.755 63.836
18 19 71.324 53.92
18 20 49.888 45.887
18 21 84.506 18.726
18 22 3.883 27.189
18 23 87.085 15.74
18 24 67.231 2.0
18 25 56.109 74.695
18 26 65.225 13.735
18 27 69.532 67.353
18 28 32.473 2.138
18 29 80.615 80.174
18 30 44.26 0.117
18 31 40.439 59.187
18 32 79.966 5.558
18 33 22.425 47.186
18 34 24.674 61.906
18 35 36.059 44.678
18 36 30.239 34.309
18 37 36.113 41.831
18 38 32.513 18.344
18 39 68.76 25.905
18 40 70.618 30.811
18 41 82.499 54.325
18 42 45.723 47.216
18 43 73.554 9.443
18 44 40.474 84.335
18 45 50.764 94.537
18 46 87.35 62.651
18 47 85.268 11.593
18 48 12.311 12.055
18 49 44.236 45.428
19 20 68.362 42.775
19 21 42.485 25.346
19 22 7.601 17.408
19 23 96.81 61.59
19 24 31.649 76.792
19 25 20.784 79.574
19 26 60.931 53.43
19 27 58.989 54.167
19 28 19.077 8.151
19 29 71.018 54.277
19 30 81.997 64.951
19 31 76.064 42.25
19 32 83.039 69.107
19 33 37.362 68.204
19 34 67.264 44.736
19 35 79.356 33.362
19 36 50.352 32.908
19 37 59.102 74.751
19 38 90.825 42.057
19 39 73.278 31.311
19 40 50.016 59.731
19 41 60.358 16.6
19 42 6.032 70.42
19 43 96.749 99.266
19 44 69.825 2.537
19 45 12.015 6.26
19 46 42.093 66.301
19 47 51.435 38.188
19 48 96.45 1.167
19 49 58.777 81.993
20 21 86.199 72.008
20 22 77.168 73.997
20 23 93.622 94.414
20 24 37.162 87.295
20 25 22.636 54.542
20 26 13.212 18.347
20 27 83.99 67.446
20 28 99.555 31.64
20 29 49.284 40.651
20 30 45.86 45.755
20 31 36.225 74.37
20 32 37.047 95.41
20 33 59.954 54.243
20 34 90.321 40.213
20 35 63.172 44.526
20 36 44.323 10.002
20 37 55.487 73.283
20 38 29.941 47.726
20 39 34.492 60.231
20 40 70.832 9.753
20 41 5.286 56.986
20 42 72.843 64.727
20 43 7.634 57.608
20 44 93.579 64.787
20 45 57.643 34.836
20 46 7.033 79.202
20 47 16.258 58.155
20 48 32.099 39.176
20 49 54.491 37.57
21 22 1.868 65.059
21 23 20.492 33.765
21 24 59.348 37.621
21 25 46.83 85.278
21 26 96.391 89.619
21 27 73.55 2.095
21 28 64.564 16.66
21 29 71.0 96.871
21 30 69.26 11.562
21 31 93.778 41.66
21 32 89.313 68.353
21 33 86.834 73.901
21 34 11.286 55.919
21 35 23.023 36.104
21 36 63.118 97.326
21 37 73.474 16.123
21 38 24.177 15.207
21 39 17.416 59.107
21 40 30.557 21.955
21 41 27.815 2.166
21 42 35.158 76.344
21 43 13.581 70.766
21 44 76.566 52.203
21 45 12.688 75.288
21 46 92.638 80.894
21 47 64.254 0.551
21 48 71.67 83.289
21 49 83.188 67.313
22 23 63.612 78.064
22 24 13.358 39.675
22 25 3.873 61.548
22 26 90.283 63.441
22 27 77.519 46.836
22 28 90.167 35.26
22 29 86.628 67.881
22 30 61.986 66.508
22 31 65.328 25.128
22 32 99.823 2.003
22 33 77.727 66.167
22 34 93.995 2.902
22 35 56.148 90.263
22 36 61.827 66.022
22 37 71.2 84.615
22 38 1.729 39.925
22 39 63.496 80.735
22 40 89.75 0.783
22 41 68.626 43.86
22 42 3.611 12.528
22 43 55.729 90.409
22 44 78.043 89.882
22 45 57.998 72.248
22 46 1.779 65.081
22 47 81.487 81.501
22 48 66.615 13.549
22 49 21.612 33.337
23 24 11.732 16.52
23 25 19.56 0.726
23 26 95.919 48.897
23 27 47.916 6.268
23 28 72.406 82.932
23 29 2.093 50.117
23 30 28.579 0.893
23 31 49.666 56.415
23 32 76.981 10.071
23 33 11.731 36.517
23 34 28.639 44.655
23 35 2.094 70.912
23 36 17.945 28.42
23 37 99.034 34.899
23 38 44.902 71.616
23 39 83.284 19.768
23 40 89.435 97.42
23 41 0.314 88.298
23 42 18.817 76.875
23 43 39.716 78.001
23 44 70.117 8.587
23 45 65.85 85.051
23 46 3.565 25.75
23 47 46.777 69.013
23 48 62.267 91.572
23 49 38.017 94.046
24 25 84.105 80.994
24 26 65.827 13.933
24 27 11.717 28.276
24 28 6.943 46.702
24 29 90.108 41.641
24 30 35.995 76.935
24 31 2.558 11.864
24 32 14.747 94.867
24 33 31.685 5.602
24 34 60.219 21.743
24 35 68.277 3.216
24 36 16.693 85.599
24 37 92.518 19.363
24 38 15.569 43.324
24 39 4.343 34.004
24 40 28.125 73.057
24 41 11.906 55.598
24 42 84.174 59.448
24 43 61.31 27.495
24 44 52.586 82.761
24 45 26.819 28.927
24 46 8.108 59.425
24 47 91.532 73.36
24 48 27.451 71.262
24 49 6.819 75.748
25 26 79.316 42.33
25 27 21.142 35.294
25 28 66.977 41.542
25 29 64.831 5.57
25 30 90.027 14.389
25 31 28.757 76.012
25 32 72.421 61.727
25 33 14.992 80.708
25 34 42.848 70.825
25 35 57.876 36.395
25 36 92.99 95.498
25 37 95.408 23.04
25 38 29.609 52.096
25 39 93.004 55.28
25 40 14.924 61.734
25 41 90.141 64.315
25 42 53.714 98.109
25 43 60.048 6.633
25 44 99.153 84.769
25 45 24.454 97.921
25 46 70.344 28.535
25 47 98.999 12.372
25 48 12.729 15.186
25 49 48.732 74.541
26 27 25.455 61.316
26 28 11.757 27.992
26 29 41.664 94.174
26 30 44.365 99.706
26 31 35.689 0.867
26 32 46.552 9.038
26 33 88.106 18.416
26 34 78.798 60.894
26 35 27.746 13.531
26 36 56.926 89.297
26 37 12.22 6.775
26 38 37.997 5.302
26 39 22.374 35.612
26 40 4.438 41.848
26 41 19.771 2.94
26 42 33.245 95.154
26 43 76.614 38.216
26 44 47.698 29.19
26 45 18.517 77.715
26 46 89.172 74.037
26 47 3.335 55.196
26 48 94.013 75.822
26 49 26.293 26.527
27 28 16.142 75.273
27 29 88.869 3.731
27 30 97.557 69.257
27 31 45.077 60.655
27 32 91.15 1.868
27 33 49.539 80.43
27 34 42.01 16.797
27 35 27.101 3.695
27 36 8.717 36.689
27 37 74.098 21.183
27 38 70.638 28.059
27 39 62.616 51.848
27 40 80.357 33.834
27 41 27.612 90.23
27 42 21.929 56.936
27 43 78.666 77.231
27 44 21.254 80.152
27 45 29.118 69.513
27 46 78.197 30.022
27 47 89.772 80.105
27 48 91.166 4.936
27 49 55.077 9.524
28 29 48.26 99.096
28 30 14.962 12.304
28 31 8.537 74.028
28 32 2.05 15.994
28 33 45.401 39.029
28 34 14.48 73.815
28 35 99.541 68.758
28 36 30.875 66.343
28 37 40.995 9.188
28 38 84.22 36.918
28 39 36.886 57.762
28 40 14.515 30.095
28 41 41.12 20.316
28 42 54.218 43.949
28 43 18.702 80.297
28 44 39.678 4.65
28 45 71.877 86.476
28 46 97.316 73.378
28 47 75.418 64.561
28 48 94.117 44.265
28 49 65.054 64.689
29 30 68.739 67.863
29 31 26.887 30.233
29 32 91.559 87.528
29 33 79.256 94.197
29 34 8.773 30.457
29 35 74.816 42.545
29 36 15.897 53.018
29 37 96.368 36.752
29 38 20.744 43.656
29 39 17.841 15.331
29 40 39.162 28.235
29 41 53.686 55.668
29 42 64.776 29.964
29 43 37.539 21.33
29 44 30.146 15.561
29 45 39.969 27.619
29 46 94.465 44.6
29 47 11.805 30.135
29 48 12.993 52.919
29 49 64.055 42.709
30 31 64.472 40.703
30 32 19.39 34.735
30 33 5.966 44.212
30 34 41.982 99.284
30 35 80.058 40.408
30 36 9.082 81.412
30 37 93.633 76.325
30 38 93.808 93.094
30 39 95.059 11.823
30 40 2.655 54.52
30 41 55.459 67.882
30 42 6.545 88.835
30 43 79.669 41.047
30 44 36.63 83.02
30 45 44.616 29.938
30 46 59.664 7.827
30 47 13.987 98.937
30 48 23.217 81.582
30 49 81.489 48.053
31 32 3.907 2.014
31 33 43.15 97.755
31 34 34.063 15.449
31 35 71.956 18.769
31 36 85.948 17.67
31 37 38.354 97.643
31 38 84.822 14.82
31 39 64.232 23.124
31 40 64.257 83.286
31 41 98.582 97.175
31 42 32.34 70.446
31 43 73.58 35.197
31 44 99.763 66.606
31 45 57.681 10.024
31 46 92.667 97.116
31 47 78.376 60.068
31 48 49.696 81.046
31 49 98.443 31.863
32 33 21.545 74.289
32 34 78.213 35.259
32 35 99.805 99.584
32 36 15.337 14.91
32 37 59.02 63.485
32 38 83.748 77.296
32 39 54.853 51.541
32 40 56.758 33.299
32 41 98.095 1.232
32 42 31.372 1.157
32 43 62.243 14.315
32 44 23.019 69.783
32 45 8.781 27.773
32 46 72.358 34.722
32 47 70.619 74.623
32 48 85.253 68.993
32 49 89.52 89.838
33 34 87.516 10.788
33 35 24.098 94.494
33 36 60.591 15.828
33 37 49.283 25.711
33 38 46.246 69.596
33 39 22.001 79.783
33 40 60.228 13.365
33 41 85.174 52.3
33 42 4.745 2.777
33 43 44.47 2.597
33 44 23.763 59.505
33 45 7.662 80.928
33 46 85.783 52.021
33 47 98.39 9.34
33 48 68.394 40.415
33 49 85.287 69.137
34 35 84.86 34.251
34 36 62.368 5.723
34 37 70.042 80.405
34 38 66.875 31.877
34 39 27.0 66.393
34 40 25.314 85.835
34 41 43.883 68.658
34 42 77.584 10.084
34 43 40.686 4.531
34 44 38.678 30.063
34 45 21.381 39.107
34 46 48.211 60.835
34 47 79.604 7.672
34 48 75.002 85.137
34 49 78.65 85.234
35 36 60.558 99.864
35 37 17.91 23.989
35 38 16.784 1.177
35 39 84.342 90.727
35 40 14.537 19.951
35 41 55.421 69.978
35 42 34.676 15.062
35 43 51.74 82.403
35 44 4.283 65.411
35 45 82.108 10.167
35 46 47.72 66.915
35 47 15.584 54.603
35 48 49.068 75.434
35 49 88.796 13.595
36 37 74.052 3.328
36 38 49.519 8.867
36 39 32.996 1.751
36 40 60.743 93.089
36 41 47.138 75.463
36 42 60.593 43.66
36 43 97.637 87.364
36 44 86.856 98.684
36 45 27.852 2.487
36 46 95.955 27.039
36 47 98.083 42.35
36 48 63.098 98.152
36 49 55.171 10.669
37 38 63.112 54.762
37 39 25.351 22.026
37 40 37.894 15.068
37 41 98.035 17.602
37 42 89.578 37.372
37 43 30.691 72.056
37 44 9.161 54.607
37 45 21.505 98.013
37 46 10.228 55.422
37 47 46.283 68.473
37 48 15.687 31.077
37 49 56.047 95.921
38 39 65.799 77.188
38 40 67.288 31.073
38 41 59.046 12.447
38 42 18.324 50.49
38 43 59.906 0.763
38 44 49.917 45.96
38 45 42.486 32.878
38 46 42.745 91.934
38 47 46.727 21.266
38 48 24.382 0.009
38 49 39.69 59.873
39 40 14.51 44.882
39 41 14.371 87.37
39 42 60.727 6.406
39 43 73.245 78.176
39 44 41.201 26.572
39 45 6.303 7.884
39 46 53.738 34.946
39 47 36.765 63.744
39 48 71.154 42.95
39 49 73.364 65.468
40 41 19.045 75.287
40 42 14.501 38.896
40 43 75.926 59.723
40 44 43.609 82.422
40 45 68.419 89.962
40 46 33.984 34.117
40 47 42.716 98.278
40 48 56.397 0.546
40 49 50.564 73.945
41 42 13.415 77.256
41 43 70.969 74.659
41 44 31.346 3.307
41 45 89.39 82.876
41 46 54.931 4.687
41 47 44.147 95.592
41 48 16.196 25.291
41 49 75.205 3.418
42 43 73.5 55.007
42 44 65.124 52.388
42 45 17.699 63.405
42 46 67.618 41.793
42 47 82.889 16.696
42 48 95.24 71.081
42 49 92.943 59.724
43 44 94.399 60.066
43 45 49.692 53.329
43 46 95.687 24.001
43 47 95.96 39.297
43 48 0.689 26.26
43 49 61.39 77.424
44 45 0.783 43.886
44 46 76.693 99.865
44 47 45.623 88.473
44 48 70.471 2.753
44 49 84.851 71.125
45 46 27.66 96.834
45 47 79.495 81.728
45 48 43.649 74.342
45 49 64.956 91.359
46 47 19.553 81.211
46 48 22.821 31.758
46 49 97.145 68.942
47 48 6.896 55.774
47 49 25.862 6.157
48 49 59.029 76.63
