50
88.18
0 1 8.0 1.063
0 2 3.0 3.667
0 3 9.0 0.556
0 4 8.0 1.063
0 5 6.0 2.084
0 6 8.0 1.063
0 7 8.0 1.063
0 8 7.0 1.572
0 9 8.0 1.063
0 10 0.01 35.846
0 11 0.01 35.257
0 12 0.01 72.688
0 13 0.01 16.061
0 14 0.01 97.74
0 15 0.01 79.728
0 16 0.01 55.771
0 17 0.01 6.312
0 18 0.01 71.375
0 19 0.01 4.673
0 20 0.01 20.686
0 21 0.01 53.465
0 22 0.01 18.24
0 23 0.01 23.93
0 24 0.01 96.809
0 25 0.01 8.917
0 26 0.01 23.619
0 27 0.01 46.45
0 28 0.01 67.395
0 29 0.01 64.106
0 30 0.01 27.244
0 31 0.01 79.235
0 32 0.01 98.976
0 33 0.01 87.863
0 34 0.01 90.961
0 35 0.01 16.332
0 36 0.01 85.197
0 37 0.01 5.789
0 38 0.01 14.602
0 39 0.01 25.683
0 40 0.01 39.698
0 41 0.01 99.82
0 42 0.01 49.27
0 43 0.01 57.492
0 44 0.01 21.992
0 45 0.01 67.028
0 46 0.01 94.26
0 47 0.01 42.796
0 48 0.01 37.325
0 49 0.01 7.374
1 2 7.0 1.572
1 3 6.0 2.084
1 4 8.0 1.063
1 5 7.0 1.572
1 6 8.0 1.063
1 7 8.0 1.063
1 8 8.0 1.063
1 9 8.0 1.063
1 10 0.01 32.27
1 11 0.01 54.538
1 12 0.01 13.895
1 13 0.01 77.467
1 14 0.01 5.259
1 15 0.01 33.66
1 16 0.01 22.538
1 17 0.01 9.87
1 18 0.01 71.409
1 19 0.01 76.955
1 20 0.01 15.631
1 21 0.01 70.58
1 22 0.01 37.961
1 23 0.01 50.214
1 24 0.01 12.103
1 25 0.01 84.594
1 26 0.01 66.42
1 27 0.01 82.494
1 28 0.01 77.94
1 29 0.01 93.315
1 30 0.01 75.967
1 31 0.01 44.196
1 32 0.01 5.921
1 33 0.01 52.408
1 34 0.01 27.007
1 35 0.01 92.592
1 36 0.01 45.553
1 37 0.01 55.646
1 38 0.01 4.32
1 39 0.01 93.877
1 40 0.01 20.862
1 41 0.01 52.842
1 42 0.01 20.925
1 43 0.01 14.712
1 44 0.01 70.627
1 45 0.01 75.103
1 46 0.01 82.96
1 47 0.01 26.289
1 48 0.01 64.687
1 49 0.01 66.737
2 3 8.0 1.063
2 4 9.0 0.556
2 5 9.0 0.556
2 6 8.0 1.063
2 7 6.0 2.084
2 8 5.0 2.6
2 9 8.0 1.063
2 10 0.01 78.3
2 11 0.01 94.546
2 12 0.01 20.899
2 13 0.01 33.337
2 14 0.01 35.1
2 15 0.01 39.936
2 16 0.01 24.025
2 17 0.01 88.628
2 18 0.01 59.45
2 19 0.01 18.711
2 20 0.01 18.492
2 21 0.01 15.24
2 22 0.01 30.365
2 23 0.01 92.11
2 24 0.01 66.276
2 25 0.01 27.688
2 26 0.01 83.276
2 27 0.01 91.438
2 28 0.01 79.698
2 29 0.01 85.457
2 30 0.01 71.387
2 31 0.01 63.22
2 32 0.01 43.512
2 33 0.01 97.561
2 34 0.01 45.469
2 35 0.01 3.521
2 36 0.01 88.228
2 37 0.01 38.34
2 38 0.01 9.603
2 39 0.01 3.337
2 40 0.01 58.197
2 41 0.01 95.11
2 42 0.01 61.244
2 43 0.01 42.247
2 44 0.01 73.325
2 45 0.01 77.278
2 46 0.01 57.133
2 47 0.01 98.004
2 48 0.01 7.154
2 49 0.01 9.833
3 4 6.0 2.084
3 5 8.0 1.063
3 6 9.0 0.556
3 7 8.0 1.063
3 8 8.0 1.063
3 9 7.0 1.572
3 10 0.01 19.16
3 11 0.01 94.379
3 12 0.01 17.83
3 13 0.01 55.498
3 14 0.01 31.888
3 15 0.01 1.85
3 16 0.01 65.487
3 17 0.01 99.787
3 18 0.01 16.366
3 19 0.01 77.244
3 20 0.01 60.498
3 21 0.01 16.377
3 22 0.01 85.636
3 23 0.01 93.827
3 24 0.01 14.512
3 25 0.01 24.452
3 26 0.01 7.993
3 27 0.01 11.71
3 28 0.01 3.713
3 29 0.01 2.537
3 30 0.01 29.71
3 31 0.01 62.34
3 32 0.01 44.565
3 33 0.01 31.465
3 34 0.01 9.457
3 35 0.01 26.64
3 36 0.01 68.551
3 37 0.01 46.193
3 38 0.01 98.854
3 39 0.01 79.24
3 40 0.01 64.618
3 41 0.01 86.542
3 42 0.01 21.097
3 43 0.01 38.192
3 44 0.01 39.3
3 45 0.01 84.885
3 46 0.01 50.348
3 47 0.01 14.082
3 48 0.01 72.824
3 49 0.01 5.254
4 5 8.0 1.063
4 6 9.0 0.556
4 7 9.0 0.556
4 8 5.0 2.6
4 9 8.0 1.063
4 10 0.01 89.191
4 11 0.01 0.652
4 12 0.01 68.88
4 13 0.01 44.627
4 14 0.01 1.159
4 15 0.01 16.211
4 16 0.01 13.506
4 17 0.01 80.87
4 18 0.01 60.539
4 19 0.01 43.955
4 20 0.01 79.033
4 21 0.01 74.208
4 22 0.01 58.774
4 23 0.01 41.676
4 24 0.01 80.842
4 25 0.01 1.633
4 26 0.01 18.91
4 27 0.01 86.576
4 28 0.01 76.245
4 29 0.01 92.74
4 30 0.01 63.693
4 31 0.01 74.175
4 32 0.01 55.236
4 33 0.01 66.285
4 34 0.01 60.461
4 35 0.01 25.355
4 36 0.01 95.493
4 37 0.01 38.394
4 38 0.01 20.889
4 39 0.01 94.371
4 40 0.01 41.812
4 41 0.01 74.344
4 42 0.01 62.365
4 43 0.01 93.501
4 44 0.01 89.382
4 45 0.01 20.354
4 46 0.01 28.023
4 47 0.01 94.407
4 48 0.01 90.906
4 49 0.01 44.727
5 6 9.0 0.556
5 7 8.0 1.063
5 8 7.0 1.572
5 9 8.0 1.063
5 10 0.01 5.323
5 11 0.01 71.608
5 12 0.01 20.506
5 13 0.01 8.58
5 14 0.01 61.461
5 15 0.01 53.696
5 16 0.01 8.365
5 17 0.01 38.986
5 18 0.01 96.474
5 19 0.01 21.32
5 20 0.01 13.987
5 21 0.01 92.031
5 22 0.01 56.092
5 23 0.01 85.165
5 24 0.01 72.213
5 25 0.01 61.89
5 26 0.01 9.212
5 27 0.01 11.568
5 28 0.01 43.116
5 29 0.01 20.331
5 30 0.01 39.496
5 31 0.01 76.841
5 32 0.01 60.364
5 33 0.01 47.5
5 34 0.01 85.359
5 35 0.01 89.204
5 36 0.01 28.719
5 37 0.01 77.059
5 38 0.01 95.822
5 39 0.01 98.529
5 40 0.01 59.003
5 41 0.01 13.005
5 42 0.01 94.915
5 43 0.01 18.475
5 44 0.01 18.321
5 45 0.01 57.613
5 46 0.01 11.103
5 47 0.01 76.754
5 48 0.01 33.151
5 49 0.01 95.163
6 7 6.0 2.084
6 8 8.0 1.063
6 9 9.0 0.556
6 10 0.01 93.946
6 11 0.01 62.528
6 12 0.01 61.041
6 13 0.01 66.172
6 14 0.01 18.986
6 15 0.01 6.911
6 16 0.01 6.856
6 17 0.01 36.349
6 18 0.01 39.973
6 19 0.01 53.79
6 20 0.01 98.991
6 21 0.01 99.807
6 22 0.01 21.89
6 23 0.01 4.365
6 24 0.01 49.895
6 25 0.01 21.532
6 26 0.01 15.881
6 27 0.01 14.889
6 28 0.01 19.064
6 29 0.01 92.243
6 30 0.01 56.659
6 31 0.01 19.072
6 32 0.01 44.606
6 33 0.01 54.311
6 34 0.01 31.358
6 35 0.01 57.79
6 36 0.01 42.335
6 37 0.01 67.847
6 38 0.01 29.325
6 39 0.01 61.718
6 40 0.01 94.751
6 41 0.01 71.71
6 42 0.01 11.658
6 43 0.01 41.462
6 44 0.01 32.695
6 45 0.01 16.311
6 46 0.01 46.339
6 47 0.01 23.753
6 48 0.01 32.146
6 49 0.01 87.461
7 8 6.0 2.084
7 9 7.0 1.572
7 10 0.01 12.264
7 11 0.01 83.739
7 12 0.01 7.619
7 13 0.01 27.405
7 14 0.01 53.219
7 15 0.01 42.874
7 16 0.01 63.719
7 17 0.01 14.496
7 18 0.01 6.757
7 19 0.01 48.958
7 20 0.01 49.693
7 21 0.01 21.461
7 22 0.01 39.97
7 23 0.01 88.032
7 24 0.01 61.89
7 25 0.01 55.579
7 26 0.01 77.733
7 27 0.01 66.114
7 28 0.01 86.823
7 29 0.01 95.396
7 30 0.01 59.747
7 31 0.01 79.577
7 32 0.01 53.557
7 33 0.01 60.025
7 34 0.01 29.645
7 35 0.01 67.639
7 36 0.01 15.417
7 37 0.01 28.293
7 38 0.01 60.64
7 39 0.01 89.132
7 40 0.01 35.315
7 41 0.01 91.443
7 42 0.01 19.637
7 43 0.01 98.377
7 44 0.01 34.065
7 45 0.01 15.96
7 46 0.01 23.351
7 47 0.01 84.513
7 48 0.01 5.21
7 49 0.01 43.289
8 9 6.0 2.084
8 10 0.01 54.31
8 11 0.01 78.424
8 12 0.01 52.589
8 13 0.01 39.973
8 14 0.01 85.488
8 15 0.01 5.321
8 16 0.01 32.771
8 17 0.01 27.975
8 18 0.01 81.896
8 19 0.01 52.845
8 20 0.01 76.162
8 21 0.01 8.522
8 22 0.01 88.326
8 23 0.01 25.037
8 24 0.01 11.429
8 25 0.01 33.842
8 26 0.01 23.046
8 27 0.01 27.457
8 28 0.01 86.407
8 29 0.01 85.386
8 30 0.01 20.259
8 31 0.01 14.412
8 32 0.01 79.666
8 33 0.01 4.802
8 34 0.01 3.587
8 35 0.01 76.351
8 36 0.01 32.556
8 37 0.01 20.999
8 38 0.01 43.302
8 39 0.01 31.305
8 40 0.01 13.185
8 41 0.01 31.661
8 42 0.01 14.983
8 43 0.01 88.639
8 44 0.01 47.887
8 45 0.01 17.501
8 46 0.01 30.783
8 47 0.01 69.777
8 48 0.01 96.572
8 49 0.01 32.676
9 10 0.01 11.925
9 11 0.01 95.209
9 12 0.01 85.1
9 13 0.01 76.597
9 14 0.01 42.03
9 15 0.01 61.762
9 16 0.01 95.079
9 17 0.01 74.611
9 18 0.01 94.366
9 19 0.01 50.987
9 20 0.01 70.085
9 21 0.01 44.735
9 22 0.01 43.925
9 23 0.01 22.696
9 24 0.01 13.316
9 25 0.01 25.887
9 26 0.01 89.57
9 27 0.01 76.434
9 28 0.01 4.233
9 29 0.01 64.956
9 30 0.01 15.09
9 31 0.01 25.8
9 32 0.01 59.918
9 33 0.01 57.484
9 34 0.01 4.609
9 35 0.01 25.236
9 36 0.01 57.6
9 37 0.01 81.308
9 38 0.01 46.168
9 39 0.01 60.78
9 40 0.01 23.132
9 41 0.01 63.203
9 42 0.01 16.626
9 43 0.01 92.428
9 44 0.01 25.812
9 45 0.01 44.422
9 46 0.01 48.543
9 47 0.01 34.563
9 48 0.01 74.296
9 49 0.01 66.765
10 11 8.0 1.063
10 12 3.0 3.667
10 13 9.0 0.556
10 14 8.0 1.063
10 15 6.0 2.084
10 16 8.0 1.063
10 17 8.0 1.063
10 18 7.0 1.572
10 19 8.0 1.063
10 20 0.01 94.027
10 21 0.01 64.781
10 22 0.01 45.698
10 23 0.01 82.694
10 24 0.01 25.222
10 25 0.01 16.797
10 26 0.01 6.304
10 27 0.01 98.856
10 28 0.01 81.071
10 29 0.01 31.106
10 30 0.01 59.894
10 31 0.01 37.808
10 32 0.01 86.412
10 33 0.01 22.364
10 34 0.01 81.352
10 35 0.01 56.097
10 36 0.01 21.279
10 37 0.01 3.134
10 38 0.01 36.186
10 39 0.01 51.455
10 40 0.01 60.602
10 41 0.01 41.142
10 42 0.01 22.61
10 43 0.01 24.157
10 44 0.01 87.988
10 45 0.01 0.938
10 46 0.01 76.642
10 47 0.01 64.336
10 48 0.01 27.78
10 49 0.01 63.699
11 12 7.0 1.572
11 13 6.0 2.084
11 14 8.0 1.063
11 15 7.0 1.572
11 16 8.0 1.063
11 17 8.0 1.063
11 18 8.0 1.063
11 19 8.0 1.063
11 20 0.01 98.961
11 21 0.01 94.58
11 22 0.01 6.299
11 23 0.01 9.475
11 24 0.01 65.453
11 25 0.01 73.216
11 26 0.01 68.031
11 27 0.01 85.318
11 28 0.01 27.33
11 29 0.01 49.258
11 30 0.01 21.421
11 31 0.01 7.662
11 32 0.01 90.683
11 33 0.01 21.158
11 34 0.01 63.059
11 35 0.01 10.636
11 36 0.01 15.245
11 37 0.01 73.133
11 38 0.01 85.999
11 39 0.01 36.803
11 40 0.01 68.945
11 41 0.01 78.806
11 42 0.01 65.454
11 43 0.01 41.022
11 44 0.01 77.733
11 45 0.01 76.29
11 46 0.01 11.074
11 47 0.01 23.666
11 48 0.01 32.219
11 49 0.01 56.543
12 13 8.0 1.063
12 14 9.0 0.556
12 15 9.0 0.556
12 16 8.0 1.063
12 17 6.0 2.084
12 18 5.0 2.6
12 19 8.0 1.063
12 20 0.01 89.96
12 21 0.01 49.18
12 22 0.01 77.893
12 23 0.01 72.425
12 24 0.01 23.868
12 25 0.01 19.702
12 26 0.01 75.929
12 27 0.01 59.886
12 28 0.01 43.913
12 29 0.01 74.689
12 30 0.01 46.355
12 31 0.01 74.498
12 32 0.01 18.387
12 33 0.01 81.302
12 34 0.01 3.522
12 35 0.01 4.844
12 36 0.01 26.017
12 37 0.01 28.663
12 38 0.01 31.915
12 39 0.01 22.417
12 40 0.01 57.262
12 41 0.01 96.58
12 42 0.01 44.768
12 43 0.01 59.793
12 44 0.01 40.597
12 45 0.01 83.443
12 46 0.01 76.665
12 47 0.01 98.524
12 48 0.01 8.164
12 49 0.01 30.748
13 14 6.0 2.084
13 15 8.0 1.063
13 16 9.0 0.556
13 17 8.0 1.063
13 18 8.0 1.063
13 19 7.0 1.572
13 20 0.01 55.349
13 21 0.01 60.244
13 22 0.01 25.123
13 23 0.01 71.254
13 24 0.01 43.945
13 25 0.01 30.473
13 26 0.01 79.332
13 27 0.01 33.857
13 28 0.01 22.165
13 29 0.01 21.501
13 30 0.01 15.994
13 31 0.01 85.998
13 32 0.01 10.191
13 33 0.01 20.249
13 34 0.01 69.667
13 35 0.01 89.031
13 36 0.01 0.9
13 37 0.01 11.662
13 38 0.01 87.48
13 39 0.01 40.618
13 40 0.01 71.14
13 41 0.01 22.836
13 42 0.01 88.615
13 43 0.01 77.944
13 44 0.01 59.537
13 45 0.01 54.739
13 46 0.01 34.817
13 47 0.01 18.083
13 48 0.01 72.472
13 49 0.01 73.187
14 15 8.0 1.063
14 16 9.0 0.556
14 17 9.0 0.556
14 18 5.0 2.6
14 19 8.0 1.063
14 20 0.01 61.136
14 21 0.01 92.887
14 22 0.01 33.655
14 23 0.01 4.44
14 24 0.01 60.931
14 25 0.01 37.584
14 26 0.01 55.253
14 27 0.01 64.889
14 28 0.01 0.377
14 29 0.01 18.119
14 30 0.01 36.105
14 31 0.01 12.66
14 32 0.01 37.869
14 33 0.01 59.1
14 34 0.01 99.565
14 35 0.01 86.02
14 36 0.01 77.907
14 37 0.01 59.538
14 38 0.01 16.208
14 39 0.01 74.903
14 40 0.01 84.986
14 41 0.01 77.299
14 42 0.01 21.06
14 43 0.01 13.85
14 44 0.01 8.851
14 45 0.01 54.152
14 46 0.01 50.947
14 47 0.01 62.984
14 48 0.01 28.368
14 49 0.01 18.387
15 16 9.0 0.556
15 17 8.0 1.063
15 18 7.0 1.572
15 19 8.0 1.063
15 20 0.01 41.275
15 21 0.01 78.756
15 22 0.01 17.904
15 23 0.01 97.988
15 24 0.01 26.159
15 25 0.01 38.359
15 26 0.01 52.407
15 27 0.01 46.166
15 28 0.01 65.336
15 29 0.01 27.977
15 30 0.01 83.594
15 31 0.01 14.906
15 32 0.01 62.722
15 33 0.01 6.319
15 34 0.01 21.619
15 35 0.01 12.856
15 36 0.01 95.73
15 37 0.01 93.662
15 38 0.01 99.124
15 39 0.01 36.334
15 40 0.01 76.162
15 41 0.01 35.72
15 42 0.01 57.607
15 43 0.01 48.336
15 44 0.01 62.637
15 45 0.01 90.568
15 46 0.01 9.534
15 47 0.01 59.466
15 48 0.01 41.276
15 49 0.01 46.501
16 17 6.0 2.084
16 18 8.0 1.063
16 19 9.0 0.556
16 20 0.01 87.177
16 21 0.01 20.284
16 22 0.01 23.243
16 23 0.01 17.612
16 24 0.01 5.071
16 25 0.01 77.477
16 26 0.01 41.439
16 27 0.01 90.398
16 28 0.01 10.965
16 29 0.01 51.14
16 30 0.01 55.997
16 31 0.01 55.125
16 32 0.01 39.471
16 33 0.01 8.766
16 34 0.01 85.473
16 35 0.01 6.606
16 36 0.01 91.839
16 37 0.01 87.538
16 38 0.01 17.132
16 39 0.01 68.895
16 40 0.01 0.1
16 41 0.01 32.767
16 42 0.01 2.73
16 43 0.01 84.754
16 44 0.01 87.91
16 45 0.01 5.844
16 46 0.01 47.873
16 47 0.01 22.149
16 48 0.01 43.349
16 49 0.01 78.71
17 18 6.0 2.084
17 19 7.0 1.572
17 20 0.01 15.039
17 21 0.01 64.965
17 22 0.01 71.915
17 23 0.01 51.513
17 24 0.01 24.411
17 25 0.01 52.006
17 26 0.01 77.647
17 27 0.01 54.075
17 28 0.01 71.319
17 29 0.01 34.527
17 30 0.01 48.378
17 31 0.01 93.825
17 32 0.01 32.892
17 33 0.01 46.095
17 34 0.01 56.816
17 35 0.01 63.136
17 36 0.01 78.525
17 37 0.01 6.498
17 38 0.01 50.005
17 39 0.01 77.714
17 40 0.01 16.15
17 41 0.01 35.807
17 42 0.01 24.241
17 43 0.01 49.702
17 44 0.01 14.85
17 45 0.01 1.541
17 46 0.01 0.777
17 47 0.01 94.043
17 48 0.01 22.736
17 49 0.01 51.245
18 19 6.0 2.084
18 20 0.01 66.145
18 21 0.01 57.883
18 22 0.01 2.17
18 23 0.01 56.426
18 24 0.01 29.401
18 25 0.01 22.406
18 26 0.01 61.662
18 27 0.01 61.046
18 28 0.01 84.074
18 29 0.01 21.163
18 30 0.01 77.075
18 31 0.01 93.302
18 32 0.01 40.551
18 33 0.01 89.424
18 34 0.01 44.565
18 35 0.01 31.744
18 36 0.01 22.649
18 37 0.01 82.86
18 38 0.01 27.932
18 39 0.01 55.863
18 40 0.01 50.651
18 41 0.01 86.224
18 42 0.01 73.132
18 43 0.01 54.784
18 44 0.01 2.112
18 45 0.01 4.16
18 46 0.01 25.979
18 47 0.01 83.133
18 48 0.01 20.866
18 49 0.01 80.034
19 20 0.01 13.187
19 21 0.01 51.88
19 22 0.01 41.277
19 23 0.01 32.479
19 24 0.01 94.37
19 25 0.01 7.928
19 26 0.01 90.739
19 27 0.01 12.288
19 28 0.01 52.532
19 29 0.01 28.077
19 30 0.01 26.765
19 31 0.01 67.08
19 32 0.01 44.489
19 33 0.01 96.292
19 34 0.01 87.337
19 35 0.01 18.07
19 36 0.01 57.535
19 37 0.01 37.651
19 38 0.01 4.233
19 39 0.01 27.038
19 40 0.01 35.883
19 41 0.01 5.391
19 42 0.01 22.748
19 43 0.01 74.561
19 44 0.01 24.881
19 45 0.01 8.374
19 46 0.01 39.778
19 47 0.01 60.333
19 48 0.01 36.51
19 49 0.01 45.158
20 21 8.0 1.063
20 22 3.0 3.667
20 23 9.0 0.556
20 24 8.0 1.063
20 25 6.0 2.084
20 26 8.0 1.063
20 27 8.0 1.063
20 28 7.0 1.572
20 29 8.0 1.063
20 30 0.01 11.138
20 31 0.01 50.812
20 32 0.01 15.983
20 33 0.01 0.393
20 34 0.01 63.32
20 35 0.01 25.615
20 36 0.01 35.521
20 37 0.01 54.397
20 38 0.01 72.381
20 39 0.01 35.823
20 40 0.01 98.828
20 41 0.01 62.067
20 42 0.01 24.199
20 43 0.01 65.03
20 44 0.01 9.951
20 45 0.01 28.366
20 46 0.01 19.145
20 47 0.01 16.711
20 48 0.01 76.73
20 49 0.01 17.067
21 22 7.0 1.572
21 23 6.0 2.084
21 24 8.0 1.063
21 25 7.0 1.572
21 26 8.0 1.063
21 27 8.0 1.063
21 28 8.0 1.063
21 29 8.0 1.063
21 30 0.01 35.438
21 31 0.01 19.662
21 32 0.01 20.218
21 33 0.01 1.422
21 34 0.01 9.606
21 35 0.01 77.033
21 36 0.01 97.03
21 37 0.01 69.149
21 38 0.01 87.503
21 39 0.01 5.966
21 40 0.01 64.723
21 41 0.01 54.957
21 42 0.01 10.774
21 43 0.01 63.83
21 44 0.01 87.61
21 45 0.01 21.97
21 46 0.01 29.303
21 47 0.01 54.418
21 48 0.01 19.537
21 49 0.01 11.414
22 23 8.0 1.063
22 24 9.0 0.556
22 25 9.0 0.556
22 26 8.0 1.063
22 27 6.0 2.084
22 28 5.0 2.6
22 29 8.0 1.063
22 30 0.01 72.676
22 31 0.01 16.258
22 32 0.01 45.376
22 33 0.01 6.156
22 34 0.01 91.153
22 35 0.01 12.719
22 36 0.01 73.345
22 37 0.01 90.776
22 38 0.01 34.432
22 39 0.01 80.661
22 40 0.01 33.729
22 41 0.01 47.828
22 42 0.01 0.705
22 43 0.01 59.59
22 44 0.01 41.598
22 45 0.01 95.588
22 46 0.01 13.663
22 47 0.01 33.717
22 48 0.01 49.239
22 49 0.01 72.281
23 24 6.0 2.084
23 25 8.0 1.063
23 26 9.0 0.556
23 27 8.0 1.063
23 28 8.0 1.063
23 29 7.0 1.572
23 30 0.01 58.535
23 31 0.01 48.915
23 32 0.01 94.405
23 33 0.01 88.762
23 34 0.01 33.805
23 35 0.01 76.464
23 36 0.01 20.811
23 37 0.01 35.793
23 38 0.01 35.899
23 39 0.01 60.338
23 40 0.01 26.596
23 41 0.01 18.6
23 42 0.01 20.357
23 43 0.01 87.812
23 44 0.01 75.365
23 45 0.01 59.074
23 46 0.01 50.003
23 47 0.01 63.737
23 48 0.01 54.631
23 49 0.01 44.398
24 25 8.0 1.063
24 26 9.0 0.556
24 27 9.0 0.556
24 28 5.0 2.6
24 29 8.0 1.063
24 30 0.01 13.296
24 31 0.01 24.489
24 32 0.01 45.476
24 33 0.01 37.747
24 34 0.01 12.339
24 35 0.01 37.257
24 36 0.01 2.102
24 37 0.01 70.828
24 38 0.01 1.95
24 39 0.01 5.593
24 40 0.01 87.504
24 41 0.01 48.569
24 42 0.01 33.972
24 43 0.01 13.919
24 44 0.01 45.457
24 45 0.01 99.288
24 46 0.01 80.19
24 47 0.01 15.838
24 48 0.01 44.718
24 49 0.01 4.263
25 26 9.0 0.556
25 27 8.0 1.063
25 28 7.0 1.572
25 29 8.0 1.063
25 30 0.01 34.41
25 31 0.01 82.389
25 32 0.01 53.238
25 33 0.01 21.06
25 34 0.01 17.256
25 35 0.01 40.772
25 36 0.01 49.934
25 37 0.01 2.593
25 38 0.01 73.904
25 39 0.01 31.085
25 40 0.01 3.51
25 41 0.01 46.461
25 42 0.01 30.064
25 43 0.01 16.27
25 44 0.01 70.924
25 45 0.01 91.232
25 46 0.01 36.459
25 47 0.01 17.572
25 48 0.01 78.933
25 49 0.01 26.683
26 27 6.0 2.084
26 28 8.0 1.063
26 29 9.0 0.556
26 30 0.01 58.62
26 31 0.01 66.471
26 32 0.01 37.843
26 33 0.01 25.67
26 34 0.01 7.461
26 35 0.01 11.866
26 36 0.01 57.216
26 37 0.01 79.842
26 38 0.01 27.737
26 39 0.01 32.354
26 40 0.01 36.121
26 41 0.01 5.07
26 42 0.01 87.395
26 43 0.01 43.088
26 44 0.01 22.48
26 45 0.01 99.771
26 46 0.01 35.309
26 47 0.01 55.725
26 48 0.01 55.153
26 49 0.01 34.438
27 28 6.0 2.084
27 29 7.0 1.572
27 30 0.01 18.048
27 31 0.01 74.935
27 32 0.01 43.128
27 33 0.01 94.62
27 34 0.01 84.505
27 35 0.01 77.817
27 36 0.01 37.16
27 37 0.01 64.222
27 38 0.01 82.257
27 39 0.01 1.364
27 40 0.01 24.233
27 41 0.01 40.37
27 42 0.01 87.813
27 43 0.01 92.967
27 44 0.01 0.36
27 45 0.01 98.405
27 46 0.01 51.639
27 47 0.01 90.343
27 48 0.01 26.369
27 49 0.01 7.479
28 29 6.0 2.084
28 30 0.01 49.33
28 31 0.01 99.847
28 32 0.01 6.91
28 33 0.01 56.484
28 34 0.01 43.385
28 35 0.01 6.088
28 36 0.01 64.954
28 37 0.01 93.097
28 38 0.01 86.75
28 39 0.01 83.178
28 40 0.01 61.268
28 41 0.01 93.079
28 42 0.01 50.565
28 43 0.01 22.854
28 44 0.01 52.487
28 45 0.01 29.597
28 46 0.01 41.16
28 47 0.01 30.759
28 48 0.01 50.905
28 49 0.01 91.35
29 30 0.01 55.05
29 31 0.01 73.558
29 32 0.01 46.737
29 33 0.01 94.42
29 34 0.01 0.907
29 35 0.01 51.322
29 36 0.01 4.836
29 37 0.01 72.469
29 38 0.01 59.932
29 39 0.01 91.108
29 40 0.01 53.741
29 41 0.01 47.498
29 42 0.01 70.027
29 43 0.01 55.917
29 44 0.01 61.135
29 45 0.01 55.331
29 46 0.01 56.434
29 47 0.01 99.129
29 48 0.01 75.843
29 49 0.01 18.945
30 31 8.0 1.063
30 32 3.0 3.667
30 33 9.0 0.556
30 34 8.0 1.063
30 35 6.0 2.084
30 36 8.0 1.063
30 37 8.0 1.063
30 38 7.0 1.572
30 39 8.0 1.063
30 40 0.01 95.433
30 41 0.01 68.28
30 42 0.01 93.839
30 43 0.01 39.846
30 44 0.01 79.292
30 45 0.01 79.742
30 46 0.01 58.448
30 47 0.01 87.351
30 48 0.01 34.249
30 49 0.01 49.257
31 32 7.0 1.572
31 33 6.0 2.084
31 34 8.0 1.063
31 35 7.0 1.572
31 36 8.0 1.063
31 37 8.0 1.063
31 38 8.0 1.063
31 39 8.0 1.063
31 40 0.01 58.967
31 41 0.01 37.581
31 42 0.01 87.145
31 43 0.01 15.987
31 44 0.01 5.699
31 45 0.01 36.982
31 46 0.01 1.861
31 47 0.01 35.908
31 48 0.01 71.088
31 49 0.01 39.02
32 33 8.0 1.063
32 34 9.0 0.556
32 35 9.0 0.556
32 36 8.0 1.063
32 37 6.0 2.084
32 38 5.0 2.6
32 39 8.0 1.063
32 40 0.01 53.28
32 41 0.01 54.904
32 42 0.01 63.721
32 43 0.01 93.209
32 44 0.01 45.326
32 45 0.01 34.835
32 46 0.01 93.644
32 47 0.01 42.176
32 48 0.01 8.379
32 49 0.01 69.873
33 34 6.0 2.084
33 35 8.0 1.063
33 36 9.0 0.556
33 37 8.0 1.063
33 38 8.0 1.063
33 39 7.0 1.572
33 40 0.01 30.923
33 41 0.01 49.74
33 42 0.01 96.173
33 43 0.01 96.142
33 44 0.01 70.896
33 45 0.01 90.472
33 46 0.01 33.681
33 47 0.01 94.986
33 48 0.01 39.459
33 49 0.01 38.694
34 35 8.0 1.063
34 36 9.0 0.556
34 37 9.0 0.556
34 38 5.0 2.6
34 39 8.0 1.063
34 40 0.01 66.142
34 41 0.01 87.529
34 42 0.01 81.238
34 43 0.01 74.274
34 44 0.01 0.693
34 45 0.01 44.823
34 46 0.01 73.985
34 47 0.01 21.637
34 48 0.01 40.185
34 49 0.01 20.679
35 36 9.0 0.556
35 37 8.0 1.063
35 38 7.0 1.572
35 39 8.0 1.063
35 40 0.01 84.051
35 41 0.01 49.227
35 42 0.01 28.488
35 43 0.01 64.986
35 44 0.01 47.2
35 45 0.01 87.446
35 46 0.01 72.271
35 47 0.01 94.794
35 48 0.01 44.29
35 49 0.01 8.777
36 37 6.0 2.084
36 38 8.0 1.063
36 39 9.0 0.556
36 40 0.01 12.553
36 41 0.01 26.255
36 42 0.01 15.09
36 43 0.01 76.258
36 44 0.01 82.055
36 45 0.01 33.328
36 46 0.01 31.654
36 47 0.01 94.91
36 48 0.01 96.711
36 49 0.01 14.02
37 38 6.0 2.084
37 39 7.0 1.572
37 40 0.01 72.839
37 41 0.01 30.849
37 42 0.01 52.431
37 43 0.01 44.727
37 44 0.01 28.432
37 45 0.01 66.316
37 46 0.01 17.392
37 47 0.01 82.519
37 48 0.01 42.777
37 49 0.01 3.603
38 39 6.0 2.084
38 40 0.01 31.482
38 41 0.01 30.01
38 42 0.01 91.035
38 43 0.01 43.841
38 44 0.01 5.995
38 45 0.01 49.271
38 46 0.01 47.394
38 47 0.01 9.219
38 48 0.01 62.477
38 49 0.01 84.028
39 40 0.01 30.707
39 41 0.01 90.65
39 42 0.01 93.931
39 43 0.01 8.601
39 44 0.01 25.519
39 45 0.01 11.936
39 46 0.01 17.713
39 47 0.01 99.97
39 48 0.01 82.561
39 49 0.01 50.746
40 41 8.0 1.063
40 42 3.0 3.667
40 43 9.0 0.556
40 44 8.0 1.063
40 45 6.0 2.084
40 46 8.0 1.063
40 47 8.0 1.063
40 48 7.0 1.572
40 49 8.0 1.063
41 42 7.0 1.572
41 43 6.0 2.084
41 44 8.0 1.063
41 45 7.0 1.572
41 46 8.0 1.063
41 47 8.0 1.063
41 48 8.0 1.063
41 49 8.0 1.063
42 43 8.0 1.063
42 44 9.0 0.556
42 45 9.0 0.556
42 46 8.0 1.063
42 47 6.0 2.084
42 48 5.0 2.6
42 49 8.0 1.063
43 44 6.0 2.084
43 45 8.0 1.063
43 46 9.0 0.556
43 47 8.0 1.063
43 48 8.0 1.063
43 49 7.0 1.572
44 45 8.0 1.063
44 46 9.0 0.556
44 47 9.0 0.556
44 48 5.0 2.6
44 49 8.0 1.063
45 46 9.0 0.556
45 47 8.0 1.063
45 48 7.0 1.572
45 49 8.0 1.063
46 47 6.0 2.084
46 48 8.0 1.063
46 49 9.0 0.556
47 48 6.0 2.084
47 49 7.0 1.572
48 49 6.0 2.084
