50
99
0 1 8.0 4.242
0 2 16.0 4.84
0 3 14.0 4.643
0 4 2.0 1.722
0 5 2.0 0.297
0 6 5.0 1.635
0 7 7.0 3.626
0 8 5.0 3.702
0 9 15.0 1.2
0 10 18.0 0.254
0 11 12.0 1.812
0 12 0.0 0.744
0 13 7.0 1.672
0 14 8.0 0.104
0 15 2.0 3.815
0 16 6.0 0.5
0 17 19.0 4.353
0 18 1.0 1.453
0 19 19.0 3.052
0 20 12.0 1.841
0 21 8.0 0.78
0 22 4.0 2.426
0 23 3.0 0.786
0 24 15.0 0.793
0 25 16.0 0.494
0 26 5.0 1.815
0 27 3.0 0.888
0 28 9.0 4.504
0 29 6.0 4.736
0 30 15.0 0.133
0 31 6.0 0.107
0 32 17.0 3.271
0 33 15.0 3.99
0 34 10.0 4.991
0 35 4.0 0.858
0 36 6.0 4.227
0 37 15.0 2.781
0 38 5.0 0.364
0 39 15.0 2.344
0 40 5.0 1.831
0 41 9.0 0.043
0 42 4.0 1.052
0 43 1.0 0.157
0 44 1.0 1.34
0 45 0.0 3.06
0 46 12.0 4.66
0 47 19.0 3.47
0 48 6.0 3.113
0 49 1.0 4.627
1 2 3.0 1.737
1 3 15.0 4.445
1 4 19.0 1.386
1 5 13.0 2.079
1 6 19.0 4.264
1 7 1.0 1.641
1 8 17.0 2.27
1 9 9.0 1.824
1 10 2.0 1.193
1 11 11.0 2.309
1 12 2.0 1.5
1 13 13.0 1.454
1 14 1.0 1.429
1 15 19.0 4.399
1 16 15.0 4.057
1 17 3.0 0.921
1 18 5.0 0.647
1 19 9.0 2.648
1 20 17.0 4.709
1 21 11.0 1.552
1 22 7.0 2.272
1 23 19.0 0.993
1 24 0.0 1.596
1 25 7.0 0.924
1 26 11.0 1.627
1 27 0.0 4.101
1 28 0.0 1.552
1 29 6.0 4.587
1 30 1.0 4.579
1 31 2.0 3.204
1 32 1.0 0.511
1 33 11.0 2.071
1 34 8.0 1.873
1 35 5.0 0.772
1 36 0.0 1.247
1 37 6.0 2.301
1 38 0.0 3.365
1 39 6.0 0.649
1 40 9.0 1.027
1 41 9.0 3.04
1 42 0.0 0.212
1 43 8.0 3.871
1 44 0.0 1.404
1 45 3.0 0.939
1 46 19.0 1.308
1 47 4.0 2.688
1 48 0.0 0.8
1 49 11.0 0.446
2 3 9.0 0.735
2 4 1.0 1.98
2 5 13.0 2.992
2 6 6.0 2.433
2 7 7.0 4.983
2 8 14.0 0.532
2 9 8.0 3.892
2 10 8.0 1.951
2 11 5.0 1.933
2 12 4.0 0.9
2 13 9.0 1.15
2 14 6.0 3.748
2 15 12.0 0.722
2 16 3.0 0.109
2 17 2.0 1.89
2 18 13.0 0.273
2 19 14.0 4.095
2 20 5.0 4.292
2 21 9.0 1.55
2 22 15.0 1.41
2 23 2.0 0.601
2 24 5.0 2.832
2 25 9.0 2.085
2 26 6.0 4.258
2 27 5.0 0.084
2 28 15.0 3.337
2 29 1.0 4.302
2 30 2.0 4.382
2 31 7.0 3.314
2 32 14.0 3.977
2 33 12.0 1.316
2 34 8.0 1.599
2 35 10.0 0.28
2 36 7.0 3.959
2 37 10.0 3.211
2 38 5.0 4.432
2 39 6.0 1.842
2 40 5.0 3.178
2 41 6.0 1.277
2 42 7.0 0.271
2 43 15.0 4.898
2 44 17.0 3.343
2 45 19.0 0.242
2 46 18.0 0.252
2 47 4.0 1.238
2 48 9.0 4.274
2 49 4.0 1.452
3 4 8.0 1.25
3 5 9.0 1.667
3 6 14.0 0.22
3 7 1.0 4.429
3 8 19.0 4.312
3 9 9.0 4.655
3 10 1.0 0.89
3 11 18.0 2.294
3 12 11.0 0.044
3 13 4.0 4.018
3 14 17.0 2.404
3 15 16.0 4.239
3 16 4.0 3.985
3 17 5.0 4.69
3 18 0.0 0.435
3 19 13.0 2.507
3 20 7.0 4.965
3 21 9.0 1.934
3 22 2.0 1.933
3 23 8.0 1.012
3 24 9.0 1.803
3 25 17.0 2.938
3 26 3.0 0.203
3 27 3.0 1.135
3 28 8.0 1.888
3 29 16.0 4.617
3 30 9.0 3.917
3 31 8.0 2.09
3 32 0.0 1.551
3 33 2.0 1.122
3 34 8.0 0.634
3 35 7.0 0.283
3 36 12.0 1.678
3 37 0.0 1.88
3 38 10.0 0.941
3 39 14.0 2.864
3 40 1.0 4.575
3 41 19.0 1.894
3 42 4.0 3.222
3 43 3.0 2.411
3 44 7.0 2.536
3 45 6.0 3.71
3 46 3.0 0.439
3 47 12.0 0.938
3 48 8.0 1.518
3 49 17.0 4.066
4 5 6.0 4.825
4 6 8.0 1.533
4 7 6.0 1.024
4 8 9.0 1.081
4 9 8.0 4.271
4 10 4.0 0.917
4 11 5.0 1.186
4 12 8.0 2.18
4 13 9.0 0.436
4 14 5.0 4.072
4 15 9.0 1.345
4 16 5.0 1.265
4 17 16.0 2.869
4 18 8.0 1.019
4 19 14.0 1.175
4 20 10.0 4.545
4 21 12.0 1.887
4 22 5.0 1.288
4 23 3.0 4.813
4 24 9.0 4.93
4 25 8.0 1.045
4 26 11.0 2.021
4 27 6.0 4.151
4 28 5.0 2.277
4 29 9.0 4.215
4 30 6.0 1.305
4 31 16.0 1.614
4 32 16.0 0.673
4 33 0.0 3.458
4 34 8.0 3.076
4 35 2.0 2.355
4 36 1.0 3.833
4 37 3.0 1.657
4 38 18.0 3.587
4 39 5.0 3.646
4 40 1.0 0.807
4 41 14.0 1.566
4 42 2.0 0.378
4 43 15.0 3.303
4 44 1.0 1.902
4 45 6.0 4.206
4 46 18.0 3.807
4 47 15.0 2.024
4 48 17.0 3.918
4 49 9.0 0.516
5 6 18.0 3.099
5 7 2.0 0.75
5 8 6.0 3.823
5 9 2.0 1.743
5 10 12.0 4.286
5 11 13.0 4.827
5 12 1.0 0.476
5 13 2.0 2.542
5 14 3.0 1.738
5 15 8.0 4.599
5 16 4.0 1.621
5 17 13.0 0.459
5 18 7.0 1.576
5 19 1.0 0.102
5 20 1.0 2.847
5 21 7.0 2.298
5 22 11.0 1.521
5 23 5.0 0.95
5 24 3.0 3.921
5 25 4.0 0.803
5 26 8.0 0.25
5 27 8.0 0.855
5 28 9.0 2.529
5 29 6.0 4.04
5 30 5.0 4.077
5 31 2.0 1.578
5 32 7.0 0.553
5 33 2.0 3.653
5 34 6.0 1.478
5 35 6.0 3.801
5 36 2.0 0.305
5 37 12.0 3.847
5 38 13.0 1.746
5 39 3.0 1.845
5 40 1.0 1.259
5 41 7.0 1.883
5 42 9.0 2.882
5 43 9.0 1.096
5 44 8.0 1.772
5 45 13.0 2.628
5 46 0.0 0.845
5 47 1.0 0.477
5 48 11.0 4.149
5 49 6.0 0.095
6 7 13.0 2.597
6 8 6.0 0.136
6 9 1.0 0.745
6 10 16.0 3.428
6 11 1.0 0.512
6 12 8.0 1.613
6 13 0.0 2.145
6 14 4.0 4.148
6 15 4.0 2.438
6 16 1.0 0.371
6 17 14.0 3.995
6 18 9.0 1.898
6 19 8.0 1.116
6 20 7.0 0.896
6 21 10.0 3.196
6 22 11.0 1.939
6 23 17.0 3.399
6 24 8.0 0.596
6 25 6.0 2.383
6 26 13.0 2.66
6 27 15.0 3.233
6 28 9.0 2.593
6 29 3.0 1.514
6 30 2.0 1.848
6 31 6.0 1.971
6 32 4.0 0.649
6 33 0.0 1.409
6 34 9.0 0.421
6 35 9.0 0.236
6 36 8.0 4.663
6 37 6.0 1.596
6 38 14.0 0.925
6 39 9.0 3.896
6 40 0.0 4.061
6 41 8.0 2.245
6 42 19.0 1.978
6 43 2.0 1.27
6 44 1.0 1.425
6 45 9.0 3.535
6 46 5.0 2.61
6 47 8.0 1.034
6 48 1.0 2.127
6 49 4.0 3.535
7 8 6.0 1.028
7 9 15.0 4.59
7 10 14.0 1.14
7 11 12.0 0.459
7 12 5.0 0.569
7 13 3.0 1.537
7 14 15.0 0.665
7 15 19.0 2.147
7 16 8.0 1.27
7 17 9.0 1.639
7 18 0.0 3.61
7 19 17.0 4.785
7 20 7.0 0.314
7 21 2.0 3.499
7 22 7.0 2.569
7 23 7.0 2.371
7 24 5.0 1.084
7 25 3.0 0.55
7 26 6.0 4.503
7 27 15.0 3.866
7 28 19.0 0.045
7 29 13.0 0.058
7 30 7.0 3.056
7 31 9.0 1.021
7 32 4.0 2.607
7 33 3.0 1.287
7 34 9.0 0.906
7 35 6.0 2.376
7 36 7.0 1.902
7 37 14.0 0.062
7 38 5.0 1.276
7 39 8.0 1.96
7 40 9.0 1.6
7 41 7.0 2.503
7 42 4.0 1.52
7 43 9.0 3.208
7 44 4.0 3.629
7 45 7.0 1.715
7 46 12.0 4.443
7 47 19.0 1.817
7 48 7.0 0.29
7 49 17.0 2.606
8 9 2.0 1.809
8 10 12.0 2.732
8 11 18.0 3.192
8 12 2.0 1.71
8 13 4.0 1.383
8 14 2.0 4.093
8 15 13.0 0.131
8 16 5.0 4.019
8 17 18.0 1.681
8 18 8.0 0.084
8 19 7.0 4.028
8 20 8.0 1.823
8 21 9.0 1.804
8 22 6.0 1.929
8 23 9.0 1.246
8 24 7.0 3.907
8 25 0.0 4.275
8 26 1.0 2.264
8 27 7.0 0.16
8 28 4.0 4.674
8 29 9.0 3.191
8 30 17.0 2.646
8 31 6.0 3.035
8 32 6.0 1.858
8 33 6.0 0.844
8 34 7.0 1.925
8 35 7.0 0.022
8 36 16.0 2.166
8 37 18.0 1.125
8 38 3.0 3.892
8 39 8.0 2.981
8 40 6.0 4.326
8 41 3.0 2.14
8 42 0.0 3.917
8 43 17.0 2.263
8 44 17.0 4.274
8 45 7.0 0.06
8 46 17.0 0.325
8 47 9.0 1.824
8 48 8.0 3.441
8 49 4.0 2.034
9 10 15.0 1.629
9 11 8.0 3.542
9 12 8.0 0.842
9 13 7.0 1.872
9 14 7.0 4.321
9 15 1.0 1.385
9 16 9.0 1.206
9 17 7.0 0.741
9 18 1.0 2.34
9 19 0.0 2.863
9 20 14.0 4.526
9 21 5.0 4.523
9 22 15.0 2.507
9 23 6.0 1.633
9 24 4.0 2.946
9 25 17.0 4.862
9 26 16.0 0.103
9 27 4.0 1.081
9 28 7.0 1.387
9 29 8.0 3.614
9 30 7.0 1.38
9 31 8.0 4.144
9 32 2.0 1.392
9 33 9.0 4.537
9 34 14.0 1.444
9 35 8.0 2.319
9 36 13.0 0.484
9 37 1.0 0.582
9 38 8.0 1.393
9 39 14.0 4.245
9 40 7.0 0.095
9 41 9.0 0.783
9 42 11.0 1.284
9 43 3.0 1.817
9 44 17.0 4.392
9 45 7.0 1.608
9 46 3.0 3.119
9 47 7.0 0.389
9 48 6.0 4.503
9 49 5.0 2.661
10 11 8.0 3.276
10 12 7.0 0.075
10 13 0.0 1.546
10 14 7.0 4.122
10 15 4.0 2.27
10 16 16.0 1.6
10 17 10.0 1.674
10 18 9.0 1.119
10 19 9.0 1.396
10 20 12.0 0.279
10 21 3.0 3.833
10 22 9.0 4.066
10 23 4.0 2.617
10 24 19.0 0.09
10 25 18.0 0.196
10 26 18.0 2.738
10 27 0.0 0.655
10 28 6.0 0.757
10 29 14.0 4.204
10 30 10.0 0.187
10 31 5.0 1.941
10 32 6.0 1.262
10 33 5.0 1.299
10 34 19.0 3.462
10 35 12.0 1.996
10 36 5.0 0.577
10 37 19.0 2.838
10 38 6.0 2.646
10 39 4.0 0.931
10 40 3.0 2.221
10 41 15.0 3.649
10 42 0.0 3.39
10 43 4.0 3.555
10 44 14.0 2.845
10 45 9.0 2.744
10 46 10.0 3.097
10 47 2.0 1.368
10 48 13.0 4.232
10 49 10.0 1.691
11 12 14.0 4.182
11 13 2.0 1.745
11 14 13.0 1.094
11 15 8.0 4.425
11 16 6.0 1.831
11 17 9.0 2.879
11 18 4.0 4.146
11 19 5.0 2.81
11 20 7.0 3.221
11 21 3.0 1.782
11 22 12.0 3.387
11 23 9.0 4.663
11 24 1.0 0.874
11 25 3.0 1.079
11 26 18.0 3.984
11 27 9.0 0.558
11 28 19.0 0.106
11 29 18.0 0.272
11 30 4.0 0.97
11 31 5.0 1.487
11 32 4.0 1.9
11 33 5.0 4.643
11 34 0.0 1.245
11 35 12.0 2.09
11 36 4.0 1.516
11 37 14.0 0.195
11 38 3.0 0.012
11 39 8.0 3.945
11 40 3.0 1.247
11 41 8.0 1.497
11 42 7.0 4.036
11 43 2.0 1.406
11 44 9.0 2.38
11 45 4.0 2.453
11 46 2.0 4.149
11 47 4.0 0.374
11 48 16.0 1.68
11 49 18.0 2.935
12 13 1.0 0.401
12 14 14.0 2.325
12 15 18.0 1.336
12 16 7.0 1.505
12 17 14.0 2.891
12 18 0.0 1.531
12 19 3.0 1.936
12 20 2.0 4.662
12 21 6.0 4.745
12 22 5.0 4.259
12 23 19.0 1.118
12 24 7.0 1.303
12 25 4.0 4.854
12 26 19.0 1.355
12 27 16.0 1.649
12 28 19.0 3.072
12 29 19.0 1.204
12 30 5.0 3.829
12 31 9.0 0.009
12 32 3.0 2.081
12 33 9.0 0.741
12 34 3.0 4.683
12 35 4.0 0.799
12 36 19.0 2.473
12 37 16.0 4.206
12 38 11.0 1.754
12 39 10.0 3.72
12 40 8.0 1.989
12 41 6.0 3.484
12 42 6.0 1.001
12 43 1.0 0.44
12 44 2.0 4.013
12 45 19.0 4.298
12 46 8.0 4.237
12 47 19.0 1.746
12 48 1.0 1.253
12 49 6.0 4.51
13 14 5.0 3.509
13 15 8.0 3.769
13 16 8.0 0.933
13 17 2.0 1.248
13 18 5.0 2.842
13 19 9.0 2.743
13 20 1.0 1.563
13 21 9.0 0.411
13 22 7.0 0.228
13 23 14.0 0.199
13 24 9.0 4.146
13 25 7.0 0.66
13 26 5.0 2.633
13 27 6.0 4.731
13 28 5.0 2.177
13 29 9.0 1.932
13 30 19.0 1.731
13 31 7.0 3.258
13 32 6.0 0.175
13 33 6.0 0.233
13 34 8.0 0.359
13 35 8.0 1.899
13 36 6.0 2.77
13 37 9.0 2.424
13 38 3.0 1.68
13 39 19.0 0.115
13 40 5.0 0.04
13 41 9.0 4.105
13 42 2.0 1.548
13 43 6.0 0.769
13 44 2.0 1.939
13 45 5.0 1.308
13 46 6.0 2.14
13 47 19.0 3.987
13 48 9.0 1.375
13 49 19.0 1.022
14 15 9.0 0.444
14 16 8.0 2.947
14 17 0.0 4.82
14 18 7.0 1.453
14 19 7.0 1.422
14 20 5.0 3.755
14 21 0.0 3.885
14 22 2.0 0.317
14 23 3.0 1.108
14 24 5.0 1.28
14 25 1.0 0.209
14 26 5.0 1.956
14 27 14.0 4.12
14 28 8.0 1.352
14 29 14.0 0.13
14 30 9.0 0.665
14 31 9.0 4.152
14 32 5.0 4.698
14 33 2.0 4.326
14 34 4.0 0.576
14 35 7.0 3.768
14 36 4.0 4.304
14 37 12.0 0.711
14 38 0.0 1.153
14 39 16.0 2.192
14 40 13.0 2.019
14 41 9.0 3.676
14 42 0.0 3.775
14 43 17.0 1.231
14 44 18.0 2.669
14 45 4.0 0.983
14 46 5.0 4.703
14 47 0.0 0.415
14 48 13.0 0.358
14 49 7.0 4.244
15 16 2.0 3.642
15 17 4.0 1.665
15 18 10.0 0.802
15 19 2.0 4.814
15 20 5.0 0.851
15 21 2.0 0.047
15 22 5.0 1.419
15 23 4.0 1.036
15 24 13.0 4.553
15 25 9.0 1.091
15 26 2.0 1.065
15 27 17.0 0.21
15 28 1.0 1.848
15 29 9.0 3.343
15 30 5.0 0.08
15 31 3.0 0.904
15 32 8.0 3.882
15 33 12.0 0.24
15 34 9.0 1.284
15 35 12.0 0.149
15 36 5.0 1.025
15 37 8.0 3.392
15 38 3.0 0.676
15 39 1.0 1.457
15 40 15.0 2.227
15 41 9.0 1.053
15 42 0.0 2.865
15 43 7.0 2.108
15 44 8.0 1.315
15 45 18.0 0.633
15 46 16.0 0.081
15 47 2.0 1.447
15 48 4.0 1.914
15 49 4.0 1.311
16 17 18.0 2.288
16 18 9.0 1.333
16 19 12.0 1.941
16 20 4.0 0.018
16 21 12.0 2.808
16 22 9.0 2.278
16 23 2.0 3.618
16 24 4.0 0.591
16 25 6.0 4.022
16 26 7.0 1.191
16 27 0.0 0.289
16 28 3.0 4.537
16 29 15.0 1.257
16 30 0.0 1.947
16 31 3.0 0.57
16 32 18.0 1.884
16 33 0.0 0.499
16 34 8.0 2.038
16 35 4.0 0.377
16 36 16.0 1.988
16 37 5.0 1.436
16 38 9.0 2.393
16 39 8.0 1.052
16 40 8.0 0.203
16 41 6.0 0.32
16 42 15.0 4.398
16 43 5.0 2.761
16 44 7.0 0.768
16 45 6.0 1.118
16 46 13.0 2.616
16 47 4.0 0.899
16 48 3.0 1.818
16 49 10.0 2.447
17 18 19.0 4.551
17 19 0.0 0.896
17 20 4.0 0.45
17 21 14.0 3.447
17 22 12.0 1.254
17 23 8.0 1.058
17 24 7.0 4.447
17 25 10.0 3.085
17 26 10.0 1.627
17 27 12.0 1.441
17 28 5.0 4.453
17 29 6.0 0.453
17 30 5.0 2.92
17 31 7.0 3.389
17 32 6.0 0.012
17 33 1.0 0.918
17 34 1.0 1.428
17 35 12.0 3.133
17 36 4.0 1.962
17 37 19.0 4.464
17 38 0.0 2.718
17 39 0.0 1.542
17 40 6.0 0.256
17 41 9.0 3.45
17 42 9.0 2.118
17 43 14.0 0.473
17 44 14.0 1.85
17 45 0.0 1.681
17 46 5.0 3.353
17 47 17.0 1.741
17 48 6.0 1.445
17 49 4.0 1.223
18 19 8.0 0.346
18 20 1.0 2.994
18 21 8.0 1.767
18 22 1.0 0.522
18 23 1.0 2.683
18 24 2.0 0.9
18 25 16.0 3.542
18 26 19.0 3.107
18 27 10.0 0.055
18 28 0.0 2.818
18 29 6.0 1.555
18 30 5.0 2.384
18 31 17.0 4.489
18 32 4.0 1.702
18 33 5.0 0.645
18 34 6.0 0.399
18 35 8.0 0.052
18 36 6.0 2.212
18 37 9.0 3.433
18 38 0.0 0.169
18 39 3.0 1.256
18 40 4.0 1.06
18 41 5.0 1.897
18 42 5.0 4.447
18 43 0.0 1.948
18 44 11.0 3.149
18 45 13.0 0.095
18 46 17.0 0.216
18 47 3.0 1.818
18 48 3.0 4.051
18 49 1.0 0.644
19 20 8.0 0.357
19 21 8.0 3.507
19 22 16.0 4.884
19 23 4.0 4.77
19 24 8.0 2.02
19 25 0.0 2.847
19 26 7.0 3.239
19 27 1.0 4.137
19 28 6.0 3.2
19 29 7.0 0.273
19 30 3.0 0.434
19 31 5.0 2.835
19 32 10.0 1.289
19 33 5.0 4.936
19 34 9.0 1.824
19 35 0.0 4.974
19 36 0.0 1.481
19 37 3.0 0.624
19 38 7.0 3.344
19 39 0.0 1.507
19 40 4.0 2.305
19 41 13.0 1.042
19 42 4.0 0.589
19 43 5.0 3.04
19 44 12.0 2.088
19 45 4.0 2.921
19 46 3.0 0.513
19 47 7.0 0.273
19 48 7.0 1.118
19 49 15.0 4.923
20 21 15.0 1.249
20 22 6.0 3.275
20 23 5.0 3.878
20 24 6.0 0.299
20 25 8.0 0.116
20 26 10.0 2.985
20 27 5.0 1.031
20 28 3.0 1.753
20 29 8.0 2.863
20 30 17.0 1.478
20 31 10.0 0.149
20 32 12.0 2.256
20 33 6.0 1.552
20 34 5.0 1.264
20 35 8.0 4.779
20 36 17.0 2.93
20 37 4.0 0.58
20 38 5.0 1.904
20 39 2.0 3.749
20 40 11.0 4.468
20 41 0.0 4.397
20 42 9.0 0.753
20 43 1.0 3.727
20 44 0.0 1.949
20 45 9.0 0.224
20 46 6.0 2.281
20 47 8.0 4.934
20 48 6.0 4.238
20 49 5.0 1.633
21 22 11.0 1.747
21 23 11.0 1.132
21 24 14.0 2.97
21 25 6.0 1.062
21 26 13.0 4.629
21 27 3.0 4.587
21 28 3.0 1.787
21 29 8.0 1.912
21 30 2.0 3.053
21 31 1.0 3.222
21 32 5.0 3.085
21 33 3.0 4.303
21 34 6.0 1.453
21 35 7.0 1.453
21 36 7.0 4.563
21 37 11.0 4.769
21 38 0.0 0.98
21 39 7.0 0.512
21 40 6.0 2.825
21 41 2.0 1.03
21 42 14.0 3.752
21 43 6.0 1.335
21 44 13.0 2.667
21 45 19.0 2.86
21 46 4.0 4.651
21 47 4.0 2.06
21 48 15.0 4.128
21 49 17.0 0.827
22 23 4.0 1.261
22 24 1.0 3.614
22 25 1.0 0.481
22 26 3.0 1.849
22 27 3.0 4.673
22 28 1.0 1.821
22 29 6.0 3.53
22 30 2.0 0.342
22 31 3.0 0.958
22 32 3.0 1.424
22 33 7.0 2.696
22 34 2.0 4.593
22 35 5.0 1.759
22 36 5.0 0.497
22 37 1.0 3.534
22 38 12.0 3.552
22 39 15.0 4.475
22 40 0.0 4.552
22 41 8.0 1.415
22 42 7.0 1.554
22 43 8.0 1.192
22 44 13.0 0.366
22 45 3.0 1.651
22 46 12.0 1.947
22 47 0.0 1.411
22 48 2.0 2.391
22 49 7.0 2.235
23 24 15.0 4.179
23 25 10.0 1.734
23 26 8.0 0.105
23 27 8.0 4.972
23 28 0.0 1.366
23 29 2.0 1.6
23 30 2.0 3.731
23 31 1.0 4.705
23 32 6.0 4.571
23 33 19.0 4.352
23 34 9.0 3.111
23 35 0.0 4.956
23 36 1.0 1.029
23 37 2.0 1.173
23 38 5.0 1.28
23 39 9.0 1.081
23 40 5.0 4.133
23 41 8.0 3.208
23 42 4.0 2.223
23 43 7.0 1.728
23 44 16.0 3.222
23 45 0.0 4.441
23 46 8.0 4.823
23 47 4.0 2.004
23 48 4.0 1.21
23 49 18.0 0.273
24 25 14.0 0.004
24 26 16.0 3.382
24 27 5.0 1.018
24 28 14.0 4.307
24 29 3.0 0.064
24 30 16.0 0.968
24 31 6.0 1.148
24 32 7.0 2.184
24 33 1.0 0.453
24 34 5.0 2.038
24 35 7.0 1.526
24 36 12.0 3.069
24 37 17.0 2.3
24 38 5.0 3.117
24 39 8.0 4.379
24 40 0.0 2.373
24 41 2.0 0.44
24 42 6.0 3.952
24 43 5.0 4.41
24 44 2.0 4.096
24 45 12.0 1.896
24 46 6.0 2.895
24 47 4.0 1.222
24 48 10.0 1.662
24 49 15.0 3.04
25 26 8.0 4.733
25 27 8.0 2.07
25 28 8.0 1.372
25 29 1.0 3.764
25 30 16.0 0.349
25 31 11.0 1.35
25 32 4.0 0.252
25 33 8.0 3.758
25 34 9.0 2.012
25 35 0.0 0.987
25 36 3.0 1.041
25 37 6.0 3.83
25 38 5.0 2.584
25 39 6.0 4.874
25 40 18.0 2.43
25 41 9.0 4.808
25 42 7.0 3.22
25 43 2.0 1.708
25 44 4.0 1.436
25 45 9.0 0.082
25 46 0.0 3.694
25 47 7.0 0.379
25 48 8.0 0.135
25 49 1.0 0.128
26 27 14.0 3.664
26 28 9.0 2.178
26 29 2.0 4.32
26 30 5.0 4.79
26 31 2.0 1.778
26 32 17.0 2.564
26 33 9.0 2.664
26 34 14.0 0.449
26 35 12.0 2.762
26 36 13.0 1.466
26 37 7.0 1.741
26 38 1.0 2.344
26 39 17.0 1.476
26 40 19.0 1.459
26 41 7.0 0.113
26 42 14.0 0.314
26 43 5.0 1.108
26 44 1.0 3.674
26 45 18.0 1.857
26 46 6.0 0.166
26 47 1.0 2.047
26 48 4.0 1.712
26 49 6.0 1.843
27 28 5.0 1.778
27 29 15.0 4.247
27 30 13.0 3.531
27 31 3.0 0.449
27 32 7.0 1.638
27 33 10.0 0.793
27 34 8.0 2.276
27 35 6.0 0.222
27 36 4.0 1.745
27 37 3.0 1.69
27 38 2.0 2.935
27 39 12.0 1.256
27 40 1.0 1.188
27 41 0.0 1.129
27 42 14.0 4.242
27 43 2.0 1.625
27 44 11.0 3.457
27 45 13.0 0.272
27 46 16.0 0.166
27 47 1.0 1.065
27 48 6.0 2.166
27 49 5.0 4.413
28 29 9.0 1.191
28 30 5.0 3.941
28 31 0.0 1.609
28 32 8.0 4.215
28 33 7.0 0.594
28 34 2.0 2.629
28 35 17.0 3.264
28 36 8.0 1.202
28 37 11.0 0.242
28 38 6.0 1.272
28 39 18.0 2.499
28 40 6.0 0.272
28 41 9.0 2.093
28 42 3.0 1.666
28 43 9.0 0.009
28 44 4.0 0.92
28 45 10.0 3.65
28 46 9.0 3.973
28 47 4.0 0.222
28 48 14.0 0.273
28 49 9.0 0.543
29 30 1.0 3.374
29 31 9.0 1.956
29 32 3.0 2.515
29 33 6.0 2.3
29 34 14.0 3.036
29 35 8.0 0.357
29 36 9.0 3.078
29 37 6.0 0.925
29 38 2.0 0.869
29 39 16.0 4.207
29 40 7.0 3.049
29 41 0.0 4.781
29 42 4.0 2.801
29 43 18.0 2.023
29 44 6.0 0.846
29 45 2.0 4.69
29 46 10.0 1.212
29 47 5.0 4.769
29 48 11.0 0.975
29 49 11.0 4.728
30 31 17.0 0.043
30 32 1.0 0.592
30 33 8.0 0.907
30 34 1.0 0.585
30 35 5.0 1.279
30 36 0.0 1.783
30 37 1.0 0.209
30 38 15.0 1.855
30 39 19.0 4.671
30 40 9.0 1.951
30 41 1.0 2.471
30 42 14.0 2.334
30 43 7.0 2.783
30 44 15.0 2.966
30 45 17.0 3.426
30 46 9.0 0.698
30 47 4.0 0.447
30 48 6.0 1.219
30 49 4.0 0.76
31 32 7.0 3.929
31 33 13.0 3.96
31 34 2.0 4.559
31 35 9.0 2.661
31 36 9.0 1.583
31 37 6.0 0.303
31 38 0.0 0.331
31 39 4.0 1.054
31 40 6.0 1.967
31 41 2.0 4.224
31 42 3.0 0.554
31 43 9.0 0.048
31 44 2.0 3.304
31 45 0.0 0.284
31 46 16.0 1.11
31 47 7.0 4.819
31 48 9.0 3.817
31 49 9.0 0.769
32 33 6.0 1.087
32 34 3.0 3.349
32 35 6.0 1.219
32 36 12.0 1.545
32 37 0.0 0.764
32 38 0.0 3.293
32 39 0.0 1.148
32 40 18.0 2.039
32 41 14.0 0.33
32 42 6.0 1.38
32 43 1.0 1.982
32 44 6.0 4.019
32 45 7.0 4.091
32 46 2.0 2.523
32 47 7.0 0.764
32 48 1.0 1.94
32 49 0.0 3.459
33 34 6.0 2.574
33 35 7.0 0.229
33 36 4.0 0.977
33 37 15.0 3.307
33 38 9.0 1.13
33 39 2.0 0.456
33 40 3.0 1.981
33 41 2.0 1.363
33 42 16.0 2.698
33 43 5.0 3.305
33 44 4.0 1.202
33 45 7.0 0.212
33 46 18.0 0.441
33 47 14.0 1.699
33 48 1.0 1.077
33 49 14.0 2.739
34 35 7.0 2.222
34 36 8.0 0.609
34 37 9.0 1.31
34 38 0.0 0.878
34 39 6.0 1.338
34 40 17.0 0.184
34 41 18.0 4.054
34 42 10.0 1.647
34 43 17.0 2.874
34 44 6.0 3.701
34 45 1.0 4.743
34 46 4.0 0.668
34 47 5.0 1.004
34 48 5.0 1.085
34 49 19.0 2.19
35 36 5.0 1.766
35 37 19.0 1.899
35 38 2.0 0.829
35 39 2.0 1.686
35 40 0.0 4.379
35 41 7.0 0.542
35 42 6.0 4.757
35 43 8.0 2.263
35 44 9.0 2.137
35 45 18.0 0.035
35 46 15.0 0.225
35 47 3.0 0.768
35 48 10.0 3.824
35 49 7.0 4.45
36 37 1.0 0.613
36 38 4.0 0.926
36 39 7.0 4.023
36 40 8.0 1.375
36 41 15.0 4.925
36 42 19.0 0.033
36 43 7.0 1.404
36 44 9.0 2.991
36 45 18.0 3.927
36 46 0.0 1.708
36 47 8.0 4.439
36 48 9.0 0.071
36 49 9.0 3.229
37 38 5.0 4.837
37 39 17.0 4.701
37 40 5.0 0.014
37 41 7.0 1.318
37 42 5.0 4.969
37 43 3.0 3.03
37 44 1.0 1.65
37 45 15.0 3.422
37 46 17.0 3.469
37 47 1.0 1.322
37 48 13.0 1.04
37 49 2.0 1.459
38 39 9.0 2.086
38 40 4.0 3.602
38 41 9.0 0.301
38 42 9.0 4.845
38 43 15.0 4.023
38 44 5.0 3.032
38 45 18.0 2.923
38 46 12.0 2.093
38 47 16.0 1.622
38 48 6.0 3.887
38 49 2.0 1.06
39 40 6.0 0.775
39 41 2.0 0.126
39 42 0.0 0.162
39 43 11.0 4.409
39 44 4.0 3.929
39 45 11.0 1.855
39 46 8.0 4.673
39 47 0.0 2.033
39 48 15.0 1.362
39 49 7.0 1.451
40 41 9.0 0.037
40 42 5.0 1.184
40 43 8.0 3.43
40 44 19.0 2.116
40 45 7.0 4.083
40 46 8.0 3.348
40 47 5.0 3.875
40 48 8.0 2.173
40 49 18.0 4.366
41 42 7.0 0.301
41 43 0.0 3.311
41 44 9.0 1.8
41 45 2.0 1.971
41 46 2.0 1.631
41 47 6.0 0.05
41 48 2.0 4.25
41 49 3.0 0.124
42 43 13.0 1.932
42 44 4.0 1.827
42 45 6.0 1.279
42 46 9.0 0.179
42 47 16.0 4.139
42 48 6.0 4.481
42 49 3.0 1.512
43 44 10.0 1.956
43 45 9.0 4.549
43 46 5.0 3.771
43 47 5.0 0.903
43 48 7.0 1.13
43 49 13.0 2.58
44 45 5.0 4.744
44 46 8.0 3.404
44 47 1.0 0.89
44 48 12.0 4.863
44 49 0.0 1.883
45 46 10.0 1.108
45 47 1.0 3.945
45 48 3.0 0.265
45 49 2.0 4.53
46 47 9.0 1.209
46 48 8.0 1.618
46 49 1.0 2.758
47 48 8.0 3.582
47 49 6.0 4.695
48 49 6.0 3.297
