50
99.342
0 1 0.411 0.161
0 2 0.992 0.168
0 3 0.284 0.657
0 4 0.127 0.636
0 5 0.213 0.018
0 6 0.003 0.33
0 7 0.836 0.669
0 8 0.769 0.636
0 9 0.894 0.168
0 10 0.077 0.127
0 11 0.917 0.402
0 12 0.548 0.66
0 13 0.606 0.428
0 14 0.991 0.572
0 15 0.36 0.181
0 16 0.371 0.873
0 17 0.549 0.448
0 18 0.466 0.841
0 19 0.113 0.943
0 20 0.71 0.273
0 21 0.516 0.864
0 22 0.862 0.798
0 23 0.03 0.581
0 24 0.001 0.561
0 25 0.202 0.836
0 26 0.564 0.033
0 27 0.718 0.47
0 28 0.582 0.447
0 29 0.875 0.298
0 30 0.971 0.981
0 31 0.532 0.964
0 32 0.083 0.927
0 33 0.017 0.65
0 34 0.419 0.614
0 35 0.488 0.442
0 36 0.471 0.3
0 37 0.306 0.889
0 38 0.948 0.659
0 39 0.85 0.096
0 40 0.322 0.057
0 41 0.47 0.409
0 42 0.916 0.621
0 43 0.195 0.12
0 44 0.22 0.202
0 45 0.069 0.551
0 46 0.013 0.561
0 47 0.471 0.473
0 48 0.418 0.726
0 49 0.188 0.324
1 2 0.852 0.104
1 3 0.618 0.367
1 4 0.015 0.9
1 5 0.653 0.061
1 6 0.369 0.647
1 7 0.457 0.269
1 8 0.645 0.529
1 9 0.535 0.61
1 10 0.534 0.816
1 11 0.433 0.298
1 12 0.681 0.214
1 13 0.765 0.54
1 14 0.275 0.875
1 15 0.779 0.822
1 16 0.861 0.051
1 17 0.806 0.594
1 18 0.608 0.234
1 19 0.318 0.989
1 20 0.8 0.338
1 21 0.39 0.944
1 22 0.264 0.736
1 23 0.883 0.175
1 24 0.783 0.355
1 25 0.954 0.552
1 26 0.896 0.014
1 27 0.328 0.514
1 28 0.782 0.136
1 29 0.487 0.232
1 30 0.718 0.565
1 31 0.2 0.914
1 32 0.306 0.439
1 33 0.899 0.35
1 34 0.556 0.573
1 35 0.489 0.911
1 36 0.674 0.705
1 37 0.176 0.442
1 38 0.385 0.39
1 39 0.831 0.074
1 40 0.27 0.93
1 41 0.708 0.807
1 42 0.125 0.882
1 43 0.43 0.217
1 44 0.604 0.959
1 45 0.526 0.921
1 46 0.383 0.525
1 47 0.184 0.947
1 48 0.583 0.926
1 49 0.304 0.719
2 3 0.134 0.955
2 4 0.865 0.053
2 5 0.25 0.542
2 6 0.41 0.099
2 7 0.295 0.145
2 8 0.138 0.655
2 9 0.441 0.014
2 10 0.917 0.904
2 11 0.783 0.326
2 12 0.387 0.385
2 13 0.285 0.367
2 14 0.654 0.244
2 15 0.594 0.213
2 16 0.64 0.176
2 17 0.805 0.392
2 18 0.227 0.76
2 19 0.61 0.533
2 20 0.768 0.835
2 21 0.126 0.704
2 22 0.713 0.928
2 23 0.543 0.125
2 24 0.814 0.97
2 25 0.843 0.83
2 26 0.352 0.407
2 27 0.116 0.742
2 28 0.555 0.08
2 29 0.594 0.875
2 30 0.594 0.985
2 31 0.806 0.485
2 32 0.783 0.147
2 33 0.519 0.83
2 34 0.729 0.779
2 35 0.872 0.753
2 36 0.836 0.63
2 37 0.353 0.506
2 38 0.82 0.559
2 39 0.35 0.846
2 40 0.156 0.329
2 41 0.206 0.136
2 42 0.297 0.027
2 43 0.903 0.899
2 44 0.348 0.501
2 45 0.412 0.968
2 46 0.744 0.218
2 47 0.923 0.588
2 48 0.662 0.595
2 49 0.263 0.713
3 4 0.1 0.212
3 5 0.086 0.43
3 6 0.659 0.012
3 7 0.489 0.086
3 8 0.216 0.408
3 9 0.457 0.063
3 10 0.535 0.367
3 11 0.316 0.843
3 12 0.328 0.938
3 13 0.659 0.259
3 14 0.84 0.925
3 15 0.768 0.894
3 16 0.404 0.386
3 17 0.856 0.996
3 18 0.308 0.323
3 19 0.682 0.895
3 20 0.2 0.089
3 21 0.524 0.424
3 22 0.449 0.388
3 23 0.649 0.56
3 24 0.294 0.501
3 25 0.69 0.937
3 26 0.219 0.196
3 27 0.552 0.537
3 28 0.905 0.12
3 29 0.284 0.663
3 30 0.749 0.758
3 31 0.331 0.141
3 32 0.084 0.995
3 33 0.558 0.738
3 34 0.468 0.015
3 35 0.489 0.08
3 36 0.252 0.668
3 37 0.141 0.549
3 38 0.844 0.27
3 39 0.621 0.816
3 40 0.471 0.072
3 41 0.484 0.998
3 42 0.46 0.174
3 43 0.354 0.621
3 44 0.01 0.349
3 45 0.952 0.579
3 46 0.804 0.176
3 47 0.241 0.27
3 48 0.984 0.621
3 49 0.912 0.893
4 5 0.154 0.446
4 6 0.889 0.916
4 7 0.392 0.832
4 8 0.589 0.339
4 9 0.047 0.441
4 10 0.967 0.477
4 11 0.942 0.381
4 12 0.47 0.903
4 13 0.189 0.417
4 14 0.43 0.986
4 15 0.188 0.383
4 16 0.697 0.197
4 17 0.193 0.024
4 18 0.986 0.851
4 19 0.909 0.716
4 20 0.758 0.6
4 21 0.314 0.635
4 22 0.182 0.953
4 23 0.368 0.049
4 24 0.898 0.67
4 25 0.572 0.428
4 26 0.768 0.934
4 27 0.006 0.733
4 28 0.41 0.061
4 29 0.913 0.077
4 30 0.545 0.921
4 31 0.404 0.151
4 32 0.293 0.185
4 33 0.088 0.116
4 34 0.863 0.305
4 35 0.029 0.233
4 36 0.657 0.725
4 37 0.028 0.916
4 38 0.439 0.112
4 39 0.139 0.77
4 40 0.406 0.913
4 41 0.199 0.613
4 42 0.737 0.797
4 43 0.251 0.366
4 44 0.019 0.573
4 45 0.334 0.451
4 46 0.349 0.163
4 47 0.609 0.791
4 48 0.941 0.427
4 49 0.041 0.961
5 6 0.898 0.526
5 7 0.618 0.316
5 8 0.878 0.035
5 9 0.055 0.869
5 10 0.174 0.595
5 11 0.455 0.61
5 12 0.004 0.5
5 13 0.369 0.128
5 14 0.663 0.447
5 15 0.013 0.701
5 16 0.681 0.411
5 17 0.588 0.204
5 18 0.512 0.646
5 19 0.586 0.982
5 20 0.637 0.857
5 21 0.865 0.267
5 22 0.567 0.353
5 23 0.295 0.618
5 24 0.401 0.828
5 25 0.439 0.415
5 26 0.018 0.49
5 27 0.023 0.42
5 28 0.147 0.622
5 29 0.35 0.293
5 30 0.073 0.178
5 31 0.177 0.738
5 32 0.493 0.232
5 33 0.066 0.717
5 34 0.475 0.211
5 35 0.867 0.041
5 36 0.762 0.435
5 37 0.82 0.177
5 38 0.257 0.099
5 39 0.911 0.767
5 40 0.602 0.514
5 41 0.178 0.024
5 42 0.52 0.638
5 43 0.012 0.412
5 44 0.409 0.962
5 45 0.664 0.812
5 46 0.381 0.559
5 47 0.275 0.092
5 48 0.616 0.049
5 49 0.384 0.035
6 7 0.126 0.413
6 8 0.724 0.729
6 9 0.345 0.757
6 10 0.387 0.874
6 11 0.905 0.348
6 12 0.147 0.914
6 13 0.376 0.308
6 14 0.698 0.223
6 15 0.794 0.78
6 16 0.138 0.424
6 17 0.644 0.976
6 18 0.783 0.835
6 19 0.704 0.205
6 20 0.368 0.644
6 21 0.523 0.374
6 22 0.465 0.915
6 23 0.948 0.943
6 24 0.634 0.442
6 25 0.281 0.377
6 26 0.385 0.706
6 27 0.818 0.189
6 28 0.517 0.653
6 29 0.65 0.899
6 30 0.9 0.579
6 31 0.914 0.77
6 32 0.65 0.423
6 33 0.202 0.043
6 34 0.92 0.215
6 35 0.369 0.058
6 36 0.65 0.561
6 37 0.006 0.261
6 38 0.555 0.708
6 39 0.339 0.879
6 40 0.87 0.838
6 41 0.113 0.316
6 42 0.12 0.279
6 43 0.757 0.303
6 44 0.766 0.337
6 45 0.139 0.0
6 46 0.741 0.498
6 47 0.882 0.428
6 48 0.466 0.931
6 49 0.346 0.424
7 8 0.235 0.706
7 9 0.89 0.568
7 10 0.398 0.356
7 11 0.469 0.253
7 12 0.053 0.459
7 13 0.003 0.749
7 14 0.791 0.001
7 15 0.978 0.961
7 16 0.8 0.45
7 17 0.483 0.854
7 18 0.028 0.886
7 19 0.307 0.034
7 20 0.977 0.376
7 21 0.776 0.51
7 22 0.833 0.746
7 23 0.88 0.927
7 24 0.145 0.6
7 25 0.052 0.425
7 26 0.036 0.301
7 27 0.6 0.317
7 28 0.558 0.394
7 29 0.255 0.069
7 30 0.517 0.831
7 31 0.75 0.275
7 32 0.782 0.009
7 33 0.747 0.29
7 34 0.733 0.915
7 35 0.699 0.981
7 36 0.51 0.712
7 37 0.402 0.041
7 38 0.575 0.676
7 39 0.915 0.108
7 40 0.849 0.77
7 41 0.943 0.96
7 42 0.189 0.653
7 43 0.961 0.166
7 44 0.333 0.244
7 45 0.036 0.676
7 46 0.133 0.662
7 47 0.452 0.896
7 48 0.135 0.837
7 49 0.15 0.496
8 9 0.294 0.428
8 10 0.241 0.352
8 11 0.262 0.416
8 12 0.254 0.055
8 13 0.549 0.635
8 14 0.111 0.802
8 15 0.231 0.433
8 16 0.122 0.075
8 17 0.609 0.866
8 18 0.992 0.28
8 19 0.468 0.794
8 20 0.061 0.604
8 21 0.157 0.969
8 22 0.841 0.168
8 23 0.897 0.864
8 24 0.564 0.212
8 25 0.499 0.725
8 26 0.73 0.088
8 27 0.54 0.692
8 28 0.261 0.077
8 29 0.22 0.657
8 30 0.415 0.665
8 31 0.515 0.018
8 32 0.286 0.62
8 33 0.916 0.167
8 34 0.286 0.094
8 35 0.949 0.423
8 36 0.65 0.806
8 37 0.082 0.969
8 38 0.381 0.971
8 39 0.501 0.273
8 40 0.829 0.416
8 41 0.029 0.738
8 42 0.135 0.221
8 43 0.359 0.47
8 44 0.685 0.124
8 45 0.741 0.756
8 46 0.04 0.434
8 47 0.552 0.945
8 48 0.188 0.376
8 49 0.759 0.845
9 10 0.203 0.143
9 11 0.129 0.285
9 12 0.187 0.132
9 13 0.562 0.289
9 14 0.478 0.722
9 15 0.374 0.144
9 16 0.547 0.987
9 17 0.625 0.545
9 18 0.698 0.174
9 19 0.239 0.443
9 20 0.196 0.839
9 21 0.707 0.715
9 22 0.35 0.488
9 23 0.648 0.553
9 24 0.832 0.991
9 25 0.094 0.46
9 26 0.14 0.463
9 27 0.522 0.018
9 28 0.67 0.403
9 29 0.189 0.226
9 30 0.822 0.11
9 31 0.64 0.147
9 32 0.135 0.534
9 33 0.176 0.181
9 34 0.727 0.509
9 35 0.448 0.201
9 36 0.177 0.594
9 37 0.785 0.669
9 38 0.429 0.017
9 39 0.892 0.451
9 40 0.755 0.132
9 41 0.425 0.359
9 42 0.791 0.023
9 43 0.189 0.878
9 44 0.225 0.552
9 45 0.838 0.065
9 46 0.272 0.622
9 47 0.804 0.715
9 48 0.787 0.334
9 49 0.624 0.052
10 11 0.009 0.577
10 12 0.193 0.749
10 13 0.631 0.638
10 14 0.815 0.858
10 15 0.77 0.876
10 16 0.778 0.789
10 17 0.917 0.96
10 18 0.903 0.309
10 19 0.624 0.575
10 20 0.947 0.946
10 21 0.434 0.205
10 22 0.439 0.162
10 23 0.98 0.912
10 24 0.106 0.266
10 25 0.021 0.643
10 26 0.816 0.631
10 27 0.29 0.781
10 28 0.654 0.235
10 29 0.886 0.595
10 30 0.449 0.756
10 31 0.324 0.009
10 32 0.374 0.409
10 33 0.47 0.985
10 34 0.311 0.625
10 35 0.075 0.22
10 36 0.217 0.75
10 37 0.369 0.666
10 38 0.108 0.309
10 39 0.124 0.703
10 40 0.154 0.035
10 41 0.122 0.847
10 42 0.804 0.647
10 43 0.179 0.078
10 44 0.775 0.737
10 45 0.853 0.899
10 46 0.792 0.273
10 47 0.499 0.655
10 48 0.926 0.115
10 49 0.984 0.97
11 12 0.321 0.366
11 13 0.235 0.966
11 14 0.193 0.576
11 15 0.079 0.575
11 16 0.607 0.791
11 17 0.015 0.564
11 18 0.7 0.511
11 19 0.299 0.112
11 20 0.668 0.433
11 21 0.017 0.24
11 22 0.096 0.447
11 23 0.105 0.997
11 24 0.706 0.306
11 25 0.654 0.376
11 26 0.336 0.265
11 27 0.485 0.94
11 28 0.539 0.815
11 29 0.209 0.987
11 30 0.5 0.122
11 31 0.167 0.296
11 32 0.07 0.834
11 33 0.109 0.013
11 34 0.51 0.632
11 35 0.701 0.892
11 36 0.719 0.804
11 37 0.043 0.85
11 38 0.188 0.887
11 39 0.718 0.451
11 40 0.015 0.352
11 41 0.494 0.005
11 42 0.869 0.69
11 43 0.42 0.177
11 44 0.206 0.549
11 45 0.395 0.439
11 46 0.76 0.425
11 47 0.597 0.551
11 48 0.509 0.996
11 49 0.852 0.623
12 13 0.865 0.398
12 14 0.524 0.493
12 15 0.904 0.344
12 16 0.755 0.047
12 17 0.043 0.536
12 18 0.719 0.311
12 19 0.181 0.41
12 20 0.482 0.455
12 21 0.797 0.471
12 22 0.301 0.381
12 23 0.389 0.576
12 24 0.826 0.479
12 25 0.033 0.328
12 26 0.528 0.374
12 27 0.98 0.978
12 28 0.392 0.254
12 29 0.819 0.967
12 30 0.563 0.434
12 31 0.686 0.854
12 32 0.444 0.805
12 33 0.163 0.341
12 34 0.733 0.096
12 35 0.787 0.848
12 36 0.242 0.978
12 37 0.512 0.602
12 38 0.57 0.249
12 39 0.801 0.421
12 40 0.15 0.158
12 41 0.326 0.978
12 42 0.732 0.29
12 43 0.684 0.736
12 44 0.348 0.178
12 45 0.627 0.061
12 46 0.738 0.883
12 47 0.697 0.757
12 48 0.193 0.166
12 49 0.614 0.534
13 14 0.163 0.626
13 15 0.196 0.135
13 16 0.958 0.59
13 17 0.107 0.781
13 18 0.5 0.451
13 19 0.375 0.146
13 20 0.699 0.97
13 21 0.275 0.099
13 22 0.65 0.922
13 23 0.605 0.568
13 24 0.858 0.914
13 25 0.434 0.76
13 26 0.221 0.279
13 27 0.311 0.305
13 28 0.061 0.695
13 29 0.688 0.07
13 30 0.047 0.757
13 31 0.563 0.296
13 32 0.139 0.576
13 33 0.078 0.812
13 34 0.259 0.177
13 35 0.455 0.018
13 36 0.472 0.181
13 37 0.978 0.529
13 38 0.674 0.468
13 39 0.211 0.308
13 40 0.298 0.469
13 41 0.303 0.066
13 42 0.649 0.801
13 43 0.106 0.208
13 44 0.417 0.552
13 45 0.988 0.515
13 46 0.444 0.096
13 47 0.248 0.217
13 48 0.321 0.724
13 49 0.758 0.527
14 15 0.546 0.232
14 16 0.973 0.72
14 17 0.041 0.91
14 18 0.622 0.084
14 19 0.239 0.861
14 20 0.577 0.475
14 21 0.407 0.25
14 22 0.562 0.764
14 23 0.36 0.511
14 24 0.89 0.301
14 25 0.245 0.608
14 26 0.922 0.458
14 27 0.761 0.518
14 28 0.574 0.037
14 29 0.766 0.646
14 30 0.581 0.239
14 31 0.953 0.324
14 32 0.7 0.384
14 33 0.649 0.065
14 34 0.476 0.925
14 35 0.492 0.571
14 36 0.344 0.32
14 37 0.447 0.822
14 38 0.002 0.783
14 39 0.405 0.412
14 40 0.747 0.872
14 41 0.774 0.824
14 42 0.921 0.274
14 43 0.943 0.055
14 44 0.068 0.578
14 45 0.758 0.069
14 46 0.714 0.549
14 47 0.111 0.883
14 48 0.903 0.696
14 49 0.014 0.94
15 16 0.971 0.029
15 17 0.945 0.835
15 18 0.393 0.323
15 19 0.51 0.271
15 20 0.289 0.871
15 21 0.985 0.153
15 22 0.288 0.124
15 23 0.548 0.73
15 24 0.165 0.477
15 25 0.77 0.991
15 26 0.01 0.119
15 27 0.641 0.775
15 28 0.175 0.33
15 29 0.175 0.202
15 30 0.847 0.24
15 31 0.676 0.339
15 32 0.652 0.257
15 33 0.562 0.6
15 34 0.971 0.22
15 35 0.345 0.868
15 36 0.239 0.724
15 37 0.202 0.196
15 38 0.641 0.12
15 39 0.826 0.132
15 40 0.843 0.868
15 41 0.025 1.0
15 42 0.044 0.558
15 43 0.344 0.556
15 44 0.755 0.375
15 45 0.533 0.429
15 46 0.793 0.891
15 47 0.466 0.459
15 48 0.337 0.561
15 49 0.702 0.001
16 17 0.199 0.447
16 18 0.531 0.244
16 19 0.254 0.555
16 20 0.881 0.898
16 21 0.209 0.252
16 22 0.289 0.764
16 23 0.24 0.868
16 24 0.958 0.738
16 25 0.48 0.563
16 26 0.066 0.32
16 27 0.004 0.881
16 28 0.758 0.782
16 29 0.582 0.588
16 30 0.464 0.734
16 31 0.312 0.222
16 32 0.918 0.782
16 33 0.964 0.166
16 34 0.942 0.324
16 35 0.323 0.148
16 36 0.539 0.526
16 37 0.999 0.716
16 38 0.429 0.586
16 39 0.654 0.851
16 40 0.915 0.942
16 41 0.239 0.741
16 42 0.304 0.772
16 43 0.12 0.46
16 44 0.739 0.692
16 45 0.307 0.396
16 46 0.167 0.956
16 47 0.28 0.236
16 48 0.065 0.112
16 49 0.984 0.405
17 18 0.522 0.112
17 19 0.338 0.725
17 20 0.633 0.208
17 21 0.575 0.321
17 22 0.929 0.709
17 23 0.048 0.762
17 24 0.91 0.135
17 25 0.786 0.154
17 26 0.387 0.575
17 27 0.921 0.431
17 28 0.547 0.245
17 29 0.135 0.641
17 30 0.622 0.101
17 31 0.465 0.792
17 32 0.688 0.39
17 33 0.128 0.935
17 34 0.631 0.435
17 35 0.478 0.322
17 36 0.363 0.3
17 37 0.507 0.953
17 38 0.698 0.899
17 39 0.833 0.694
17 40 0.302 0.841
17 41 0.589 0.35
17 42 0.08 0.173
17 43 0.06 0.51
17 44 0.808 0.138
17 45 0.082 0.468
17 46 0.061 0.339
17 47 0.474 0.463
17 48 0.871 0.315
17 49 0.501 0.262
18 19 0.505 0.699
18 20 0.047 0.835
18 21 0.846 0.809
18 22 0.17 0.866
18 23 0.901 0.49
18 24 0.32 0.982
18 25 0.362 0.496
18 26 0.321 0.836
18 27 0.558 0.446
18 28 0.175 0.828
18 29 0.307 0.646
18 30 0.783 0.131
18 31 0.036 0.099
18 32 0.367 0.151
18 33 0.805 0.077
18 34 0.747 0.445
18 35 0.897 0.91
18 36 0.066 0.97
18 37 0.418 0.899
18 38 0.751 0.49
18 39 0.761 0.539
18 40 0.445 0.323
18 41 0.642 0.637
18 42 0.751 0.536
18 43 0.439 0.57
18 44 0.606 0.361
18 45 0.258 0.473
18 46 0.56 0.392
18 47 0.715 0.715
18 48 0.126 0.566
18 49 0.497 0.848
19 20 0.619 0.839
19 21 0.972 0.292
19 22 0.12 0.623
19 23 0.77 0.952
19 24 0.914 0.964
19 25 0.621 0.115
19 26 0.041 0.423
19 27 0.235 0.844
19 28 0.707 0.336
19 29 0.659 0.416
19 30 0.618 0.225
19 31 0.288 0.701
19 32 0.116 0.58
19 33 0.81 0.66
19 34 0.585 0.635
19 35 0.594 0.93
19 36 0.351 0.452
19 37 0.914 0.515
19 38 0.76 0.978
19 39 0.445 0.146
19 40 0.617 0.134
19 41 0.772 0.743
19 42 0.023 0.899
19 43 0.096 0.565
19 44 0.272 0.29
19 45 0.109 0.609
19 46 0.921 0.953
19 47 0.391 0.756
19 48 0.716 0.087
19 49 0.942 0.077
20 21 0.816 0.908
20 22 0.191 0.408
20 23 0.703 0.493
20 24 0.896 0.311
20 25 0.218 0.609
20 26 0.708 0.57
20 27 0.018 0.945
20 28 0.326 0.07
20 29 0.259 0.81
20 30 0.866 0.377
20 31 0.847 0.455
20 32 0.572 0.743
20 33 0.848 0.442
20 34 0.269 0.99
20 35 0.844 0.663
20 36 0.512 0.962
20 37 0.545 0.341
20 38 0.165 0.21
20 39 0.769 0.719
20 40 0.339 0.452
20 41 0.271 0.554
20 42 0.229 0.453
20 43 0.493 0.81
20 44 0.797 0.896
20 45 0.61 0.061
20 46 0.098 0.858
20 47 0.91 0.764
20 48 0.306 0.633
20 49 0.092 0.723
21 22 0.612 0.944
21 23 0.579 0.369
21 24 0.221 0.239
21 25 0.108 0.952
21 26 0.586 0.081
21 27 0.656 0.185
21 28 0.017 0.265
21 29 0.829 0.292
21 30 0.879 0.95
21 31 0.939 0.346
21 32 0.037 0.711
21 33 0.275 0.141
21 34 0.374 0.107
21 35 0.295 0.827
21 36 0.769 0.173
21 37 0.367 0.878
21 38 0.82 0.751
21 39 0.751 0.473
21 40 0.422 0.372
21 41 0.374 0.352
21 42 0.001 0.079
21 43 0.057 0.879
21 44 0.973 0.636
21 45 0.151 0.246
21 46 0.363 0.924
21 47 0.053 0.488
21 48 0.008 0.701
21 49 0.364 0.897
22 23 0.811 0.861
22 24 0.927 0.179
22 25 0.343 0.42
22 26 0.364 0.251
22 27 0.338 0.289
22 28 0.706 0.721
22 29 0.798 0.112
22 30 0.845 0.925
22 31 0.893 0.848
22 32 0.849 0.201
22 33 0.077 0.344
22 34 0.634 0.988
22 35 0.722 0.667
22 36 0.72 0.097
22 37 0.94 0.724
22 38 0.512 0.874
22 39 0.135 0.839
22 40 0.809 0.021
22 41 0.274 0.701
22 42 0.533 0.467
22 43 0.243 0.913
22 44 0.96 0.722
22 45 0.986 0.384
22 46 0.659 0.382
22 47 0.539 0.684
22 48 0.314 0.417
22 49 0.071 0.453
23 24 0.946 0.817
23 25 0.308 0.966
23 26 0.473 0.333
23 27 0.293 0.64
23 28 0.749 0.68
23 29 0.858 0.727
23 30 0.681 0.38
23 31 0.929 0.879
23 32 0.459 0.165
23 33 0.144 0.641
23 34 0.556 0.768
23 35 0.63 0.445
23 36 0.25 0.362
23 37 0.82 0.498
23 38 0.263 0.015
23 39 0.473 0.828
23 40 0.008 0.245
23 41 0.96 0.589
23 42 0.818 0.504
23 43 0.866 0.953
23 44 0.123 0.292
23 45 0.08 0.496
23 46 0.151 0.697
23 47 0.219 0.284
23 48 0.884 0.947
23 49 0.332 0.378
24 25 0.081 0.179
24 26 0.598 0.134
24 27 0.193 0.091
24 28 0.936 0.241
24 29 0.547 0.796
24 30 0.694 0.137
24 31 0.127 0.146
24 32 0.556 0.686
24 33 0.176 0.423
24 34 0.999 0.855
24 35 0.279 0.73
24 36 0.288 0.01
24 37 0.8 0.677
24 38 0.258 0.519
24 39 0.25 0.398
24 40 0.211 0.356
24 41 0.262 0.771
24 42 0.161 0.543
24 43 0.402 0.224
24 44 0.035 0.792
24 45 0.27 0.844
24 46 0.214 0.749
24 47 0.692 0.73
24 48 0.812 0.328
24 49 0.927 0.713
25 26 0.051 0.012
25 27 0.332 0.676
25 28 0.566 0.147
25 29 0.386 0.165
25 30 0.155 0.744
25 31 0.975 0.051
25 32 0.335 0.326
25 33 0.361 0.553
25 34 0.123 0.281
25 35 0.914 0.421
25 36 0.945 0.125
25 37 0.757 0.573
25 38 0.671 0.527
25 39 0.041 0.03
25 40 0.839 0.356
25 41 0.472 0.705
25 42 0.013 0.535
25 43 0.706 0.345
25 44 0.559 0.848
25 45 0.226 0.131
25 46 0.598 0.586
25 47 0.885 0.513
25 48 0.875 0.333
25 49 0.503 0.653
26 27 0.232 0.732
26 28 0.414 0.779
26 29 0.536 0.723
26 30 0.172 0.439
26 31 0.176 0.043
26 32 0.389 0.134
26 33 0.717 0.377
26 34 0.302 0.76
26 35 0.737 0.483
26 36 0.29 0.268
26 37 0.519 0.73
26 38 0.602 0.25
26 39 0.304 0.966
26 40 0.285 0.57
26 41 0.771 0.149
26 42 0.375 0.94
26 43 0.152 0.261
26 44 0.915 0.196
26 45 0.705 0.847
26 46 0.215 0.992
26 47 0.341 0.036
26 48 0.968 0.944
26 49 0.349 0.946
27 28 0.18 0.73
27 29 0.199 0.344
27 30 0.365 0.838
27 31 0.214 0.472
27 32 0.247 0.553
27 33 0.872 0.115
27 34 0.318 0.805
27 35 0.114 0.005
27 36 0.708 0.212
27 37 0.143 0.962
27 38 0.341 0.514
27 39 0.589 0.093
27 40 0.154 0.164
27 41 0.467 0.178
27 42 0.74 0.074
27 43 0.165 0.581
27 44 0.966 0.713
27 45 0.997 0.893
27 46 0.346 0.01
27 47 0.35 0.896
27 48 0.649 0.207
27 49 0.504 0.089
28 29 0.535 0.231
28 30 0.645 0.337
28 31 0.271 0.767
28 32 0.715 0.251
28 33 0.495 0.998
28 34 0.853 0.827
28 35 0.436 0.417
28 36 0.548 0.894
28 37 0.738 0.506
28 38 0.103 0.861
28 39 0.768 0.423
28 40 0.973 0.845
28 41 0.643 0.604
28 42 0.636 0.111
28 43 0.571 0.047
28 44 0.767 0.416
28 45 0.695 0.234
28 46 0.112 0.847
28 47 0.422 0.381
28 48 0.987 0.319
28 49 0.306 0.5
29 30 0.772 0.099
29 31 0.436 0.565
29 32 0.779 0.548
29 33 0.048 0.906
29 34 0.114 0.241
29 35 0.302 0.3
29 36 0.159 0.871
29 37 0.708 0.447
29 38 0.735 0.949
29 39 0.85 0.295
29 40 0.614 0.641
29 41 0.927 0.538
29 42 0.436 0.035
29 43 0.526 0.68
29 44 0.802 0.096
29 45 0.924 0.021
29 46 0.508 0.106
29 47 0.015 0.656
29 48 0.497 0.779
29 49 0.728 0.502
30 31 0.519 0.189
30 32 0.255 0.35
30 33 0.643 0.546
30 34 0.575 0.347
30 35 0.703 0.164
30 36 0.276 0.956
30 37 0.396 0.47
30 38 0.063 0.495
30 39 0.054 0.967
30 40 0.581 0.682
30 41 0.429 0.533
30 42 0.911 0.952
30 43 0.251 0.502
30 44 0.521 0.245
30 45 0.767 0.438
30 46 0.139 0.782
30 47 0.06 0.745
30 48 0.974 0.817
30 49 0.69 0.549
31 32 0.759 0.907
31 33 0.163 0.937
31 34 0.408 0.222
31 35 0.792 0.614
31 36 0.617 0.387
31 37 0.338 0.417
31 38 0.344 0.539
31 39 0.054 0.83
31 40 0.829 0.654
31 41 0.179 0.452
31 42 0.681 0.579
31 43 0.647 0.66
31 44 0.341 0.164
31 45 0.685 0.192
31 46 0.016 0.262
31 47 0.436 0.026
31 48 0.249 0.824
31 49 0.943 0.467
32 33 0.507 0.406
32 34 0.521 0.659
32 35 0.915 0.436
32 36 0.753 0.506
32 37 0.449 0.48
32 38 0.753 0.255
32 39 0.407 0.269
32 40 0.834 0.078
32 41 0.407 0.002
32 42 0.099 0.307
32 43 0.851 0.391
32 44 0.662 0.372
32 45 0.884 0.968
32 46 0.344 0.407
32 47 0.126 0.056
32 48 0.723 0.608
32 49 0.85 0.47
33 34 0.501 0.174
33 35 0.582 0.735
33 36 0.846 0.872
33 37 0.419 0.319
33 38 0.63 0.32
33 39 0.847 0.369
33 40 0.73 0.869
33 41 0.464 0.271
33 42 0.355 0.405
33 43 0.169 0.066
33 44 0.36 0.874
33 45 0.43 0.575
33 46 0.399 0.382
33 47 0.139 0.608
33 48 0.103 0.74
33 49 0.498 0.844
34 35 0.647 0.887
34 36 0.975 0.578
34 37 0.052 0.55
34 38 0.127 0.703
34 39 0.085 0.393
34 40 0.056 0.781
34 41 0.412 0.963
34 42 0.987 0.534
34 43 0.389 0.743
34 44 0.72 0.59
34 45 0.27 0.569
34 46 0.388 0.772
34 47 0.187 0.888
34 48 0.774 0.554
34 49 0.177 0.196
35 36 0.818 0.533
35 37 0.654 0.679
35 38 0.353 0.866
35 39 0.181 0.874
35 40 0.44 0.47
35 41 0.185 0.291
35 42 0.601 0.803
35 43 0.478 0.349
35 44 0.257 0.575
35 45 0.825 0.798
35 46 0.351 0.145
35 47 0.873 0.401
35 48 0.176 0.121
35 49 0.932 0.581
36 37 0.278 0.29
36 38 0.216 0.847
36 39 0.177 0.286
36 40 0.623 0.287
36 41 0.137 0.632
36 42 0.598 0.82
36 43 0.201 0.352
36 44 0.804 0.839
36 45 0.715 0.256
36 46 0.893 0.757
36 47 0.978 0.41
36 48 0.51 0.738
36 49 0.851 0.382
37 38 0.383 0.803
37 39 0.194 0.234
37 40 0.763 0.688
37 41 0.384 0.337
37 42 0.592 0.876
37 43 0.058 0.608
37 44 0.616 0.118
37 45 0.603 0.454
37 46 0.54 0.805
37 47 0.326 0.4
37 48 0.124 0.831
37 49 0.974 0.769
38 39 0.006 0.43
38 40 0.975 0.045
38 41 0.505 0.033
38 42 0.352 0.211
38 43 0.286 0.221
38 44 0.426 0.974
38 45 0.805 0.373
38 46 0.687 0.014
38 47 0.096 0.843
38 48 0.12 0.438
38 49 0.212 0.694
39 40 0.049 0.617
39 41 0.558 0.67
39 42 0.036 0.439
39 43 0.23 0.211
39 44 0.377 0.843
39 45 0.691 0.465
39 46 0.859 0.86
39 47 0.77 0.294
39 48 0.152 0.106
39 49 0.646 0.293
40 41 0.322 0.349
40 42 0.573 0.645
40 43 0.07 0.728
40 44 0.416 0.951
40 45 0.383 0.435
40 46 0.451 0.558
40 47 0.962 0.384
40 48 0.838 0.978
40 49 0.56 0.731
41 42 0.48 0.507
41 43 0.833 0.021
41 44 0.73 0.358
41 45 0.275 0.397
41 46 0.396 0.512
41 47 0.946 0.52
41 48 0.43 0.162
41 49 0.621 0.295
42 43 0.433 0.601
42 44 0.045 0.603
42 45 0.167 0.035
42 46 0.396 0.493
42 47 0.169 0.961
42 48 0.104 0.02
42 49 0.166 0.446
43 44 0.634 0.898
43 45 0.96 0.946
43 46 0.374 0.158
43 47 0.649 0.893
43 48 0.322 0.995
43 49 0.626 0.758
44 45 0.226 0.209
44 46 0.212 0.465
44 47 0.941 0.268
44 48 0.592 0.627
44 49 0.705 0.205
45 46 0.336 0.65
45 47 0.306 0.211
45 48 0.085 0.665
45 49 0.122 0.11
46 47 0.072 0.232
46 48 0.372 0.44
46 49 0.724 0.827
47 48 0.165 0.827
47 49 0.261 0.341
48 49 0.333 0.166
