50
99.9
0 1 66.851 2.069
0 2 11.324 0.338
0 3 9.066 0.115
0 4 47.099 0.152
0 5 32.989 0.239
0 6 34.905 0.338
0 7 12.094 0.693
0 8 49.077 2.187
0 9 37.203 0.339
0 10 21.619 1.869
0 11 54.096 0.058
0 12 22.305 0.697
0 13 36.477 0.787
0 14 20.462 0.138
0 15 56.984 0.06
0 16 52.722 0.07
0 17 32.803 0.483
0 18 21.747 0.375
0 19 13.038 1.028
0 20 5.492 0.871
0 21 10.286 0.629
0 22 31.064 1.611
0 23 5.936 0.019
0 24 18.676 1.493
0 25 6.273 0.687
0 26 17.793 0.775
0 27 36.169 0.397
0 28 6.907 0.756
0 29 6.784 1.452
0 30 39.43 0.161
0 31 42.194 0.162
0 32 20.895 0.095
0 33 19.996 0.024
0 34 20.183 0.238
0 35 35.683 0.401
0 36 8.114 0.009
0 37 24.392 2.471
0 38 67.378 0.135
0 39 21.755 0.272
0 40 14.323 0.015
0 41 44.073 0.37
0 42 9.548 0.365
0 43 10.27 0.278
0 44 9.617 0.061
0 45 21.802 0.031
0 46 10.914 0.331
0 47 18.856 0.612
0 48 2.977 0.993
0 49 23.047 0.702
1 2 33.82 0.065
1 3 9.245 1.09
1 4 3.855 2.754
1 5 8.912 0.16
1 6 5.129 0.525
1 7 17.418 3.369
1 8 6.834 0.521
1 9 35.378 0.796
1 10 37.773 0.285
1 11 11.94 2.285
1 12 19.572 3.677
1 13 48.129 0.06
1 14 29.254 0.073
1 15 50.809 1.519
1 16 46.248 1.297
1 17 18.85 0.256
1 18 32.361 2.439
1 19 12.479 0.28
1 20 4.833 2.888
1 21 34.666 0.425
1 22 25.702 0.226
1 23 34.33 0.415
1 24 27.92 0.24
1 25 21.702 3.082
1 26 14.323 0.421
1 27 9.905 0.698
1 28 49.835 0.517
1 29 45.282 0.038
1 30 5.328 2.008
1 31 5.398 0.821
1 32 16.948 0.538
1 33 8.343 0.514
1 34 13.428 0.118
1 35 21.912 0.044
1 36 14.435 0.108
1 37 22.533 1.469
1 38 66.89 0.395
1 39 27.858 0.263
1 40 8.494 3.653
1 41 13.869 0.256
1 42 7.341 0.559
1 43 32.669 0.106
1 44 45.994 0.372
1 45 18.47 0.912
1 46 53.789 0.059
1 47 23.515 1.187
1 48 8.69 0.854
1 49 12.191 0.394
2 3 19.25 3.846
2 4 35.685 0.086
2 5 19.936 0.193
2 6 21.354 0.666
2 7 41.255 0.06
2 8 23.003 0.89
2 9 30.93 1.379
2 10 9.281 0.682
2 11 14.262 0.309
2 12 49.898 0.044
2 13 17.858 0.395
2 14 66.541 0.24
2 15 62.388 0.611
2 16 13.962 0.169
2 17 18.635 0.278
2 18 38.944 0.468
2 19 64.102 0.048
2 20 20.365 2.282
2 21 17.461 0.146
2 22 14.557 0.256
2 23 21.133 0.385
2 24 18.011 0.001
2 25 56.539 0.056
2 26 40.833 1.016
2 27 17.976 0.467
2 28 8.148 1.325
2 29 8.448 1.284
2 30 31.401 0.067
2 31 28.498 0.416
2 32 61.544 0.962
2 33 71.385 0.799
2 34 20.223 0.334
2 35 23.9 0.077
2 36 26.487 0.262
2 37 28.146 0.463
2 38 11.613 0.404
2 39 16.401 0.443
2 40 27.851 0.162
2 41 26.512 0.121
2 42 5.859 0.956
2 43 28.225 0.006
2 44 28.664 0.397
2 45 16.628 0.797
2 46 8.354 0.02
2 47 3.574 0.095
2 48 27.936 0.721
2 49 54.844 0.117
3 4 25.643 0.063
3 5 11.464 0.068
3 6 37.211 1.191
3 7 20.471 0.069
3 8 47.784 0.286
3 9 10.787 0.112
3 10 6.126 0.391
3 11 5.619 0.622
3 12 12.68 0.236
3 13 36.869 0.787
3 14 4.723 0.503
3 15 13.358 0.143
3 16 31.105 0.02
3 17 57.534 0.167
3 18 15.453 0.433
3 19 3.941 0.118
3 20 44.852 0.23
3 21 7.424 0.283
3 22 19.508 0.058
3 23 24.829 0.342
3 24 31.161 0.259
3 25 15.949 0.061
3 26 9.028 0.304
3 27 28.171 0.103
3 28 10.498 0.682
3 29 13.673 0.007
3 30 28.454 0.159
3 31 12.584 0.402
3 32 13.525 0.537
3 33 58.469 0.277
3 34 4.276 0.934
3 35 16.978 0.165
3 36 20.037 0.019
3 37 21.092 0.99
3 38 46.737 0.21
3 39 11.765 0.524
3 40 14.408 0.432
3 41 37.37 0.006
3 42 40.942 1.866
3 43 12.255 0.441
3 44 40.03 2.608
3 45 17.43 4.697
3 46 30.641 4.039
3 47 16.631 0.251
3 48 31.1 0.128
3 49 38.307 0.007
4 5 52.768 0.263
4 6 21.973 0.139
4 7 22.272 0.064
4 8 25.471 0.079
4 9 36.425 0.231
4 10 39.223 0.056
4 11 57.268 0.42
4 12 11.295 0.313
4 13 15.265 0.006
4 14 13.913 0.126
4 15 9.96 2.797
4 16 19.83 0.919
4 17 21.64 2.42
4 18 4.863 0.276
4 19 30.278 2.738
4 20 43.582 0.229
4 21 39.08 0.335
4 22 48.891 0.279
4 23 55.185 0.417
4 24 51.352 1.047
4 25 30.156 0.47
4 26 15.11 0.578
4 27 13.25 2.311
4 28 21.786 0.454
4 29 22.567 0.225
4 30 15.053 0.916
4 31 7.565 0.428
4 32 25.647 0.016
4 33 34.914 0.057
4 34 36.531 1.004
4 35 12.205 0.02
4 36 14.767 0.144
4 37 72.046 0.219
4 38 16.397 0.148
4 39 9.085 0.102
4 40 15.404 0.435
4 41 28.243 3.621
4 42 18.421 3.922
4 43 34.523 0.44
4 44 40.636 0.347
4 45 15.439 0.164
4 46 10.226 0.423
4 47 13.982 0.609
4 48 7.038 1.895
4 49 8.763 0.073
5 6 31.167 0.33
5 7 46.281 0.149
5 8 27.906 0.06
5 9 32.607 0.006
5 10 43.935 0.641
5 11 26.401 0.323
5 12 13.626 0.512
5 13 11.2 0.12
5 14 59.376 0.006
5 15 8.243 0.217
5 16 17.286 0.366
5 17 16.042 6.232
5 18 19.125 0.13
5 19 15.34 0.222
5 20 50.545 0.056
5 21 25.438 0.137
5 22 12.198 0.832
5 23 32.243 0.114
5 24 34.373 0.38
5 25 9.87 0.013
5 26 19.25 0.287
5 27 26.403 0.422
5 28 35.242 0.446
5 29 24.116 0.879
5 30 21.463 0.29
5 31 17.382 4.886
5 32 20.932 0.115
5 33 52.197 0.14
5 34 25.008 0.406
5 35 3.056 0.241
5 36 42.805 0.055
5 37 13.877 0.148
5 38 18.587 0.077
5 39 34.177 0.711
5 40 21.999 0.084
5 41 10.505 1.593
5 42 40.54 0.928
5 43 13.334 0.162
5 44 10.363 0.926
5 45 15.125 0.36
5 46 11.289 0.28
5 47 55.724 0.399
5 48 53.706 0.423
5 49 44.98 0.757
6 7 16.764 0.006
6 8 23.702 0.306
6 9 13.272 2.0
6 10 3.735 0.182
6 11 62.869 0.112
6 12 9.211 0.106
6 13 27.096 0.069
6 14 43.005 0.385
6 15 17.106 0.41
6 16 50.872 0.069
6 17 18.526 0.737
6 18 50.369 0.153
6 19 17.905 0.254
6 20 13.102 0.09
6 21 34.796 0.461
6 22 19.874 0.277
6 23 52.269 1.261
6 24 17.895 0.005
6 25 9.259 1.757
6 26 47.724 0.045
6 27 26.737 0.276
6 28 19.333 0.012
6 29 7.094 0.151
6 30 32.891 0.013
6 31 54.476 0.277
6 32 28.715 0.115
6 33 8.787 2.706
6 34 45.153 1.109
6 35 5.82 0.995
6 36 35.083 0.198
6 37 33.014 0.013
6 38 26.742 1.817
6 39 54.351 0.616
6 40 14.231 0.297
6 41 17.02 0.136
6 42 15.565 0.817
6 43 12.073 0.117
6 44 5.831 0.336
6 45 74.694 0.005
6 46 9.405 1.075
6 47 21.331 0.063
6 48 9.812 0.079
6 49 39.234 0.06
7 8 13.912 0.399
7 9 74.939 0.763
7 10 60.633 0.138
7 11 19.275 4.216
7 12 13.114 0.769
7 13 42.467 2.266
7 14 47.94 0.156
7 15 6.637 0.318
7 16 47.526 0.388
7 17 46.498 0.584
7 18 13.184 0.096
7 19 23.171 0.699
7 20 73.847 0.314
7 21 11.22 0.336
7 22 46.023 0.025
7 23 15.145 0.314
7 24 32.74 0.209
7 25 28.183 0.062
7 26 15.81 0.484
7 27 14.022 0.132
7 28 20.828 0.465
7 29 20.04 0.53
7 30 52.401 0.375
7 31 29.442 0.585
7 32 52.009 0.06
7 33 40.698 0.097
7 34 22.558 2.737
7 35 44.295 0.981
7 36 10.687 0.622
7 37 23.111 0.174
7 38 25.042 0.304
7 39 7.091 0.076
7 40 35.094 0.382
7 41 3.166 1.022
7 42 21.894 0.019
7 43 49.216 0.1
7 44 8.447 0.469
7 45 37.254 0.251
7 46 9.414 0.901
7 47 19.414 1.152
7 48 14.057 1.754
7 49 27.952 0.622
8 9 57.223 0.452
8 10 16.356 0.77
8 11 19.124 2.119
8 12 5.738 1.993
8 13 36.882 0.52
8 14 29.537 0.864
8 15 14.749 0.076
8 16 15.849 0.791
8 17 50.382 0.416
8 18 25.687 2.071
8 19 33.815 0.121
8 20 17.431 0.059
8 21 27.204 0.086
8 22 19.24 0.354
8 23 44.899 2.203
8 24 25.993 0.083
8 25 55.464 0.11
8 26 3.543 0.911
8 27 16.234 0.748
8 28 25.83 1.787
8 29 20.025 0.27
8 30 6.392 0.317
8 31 53.652 0.391
8 32 10.287 0.313
8 33 36.617 0.576
8 34 37.851 0.101
8 35 47.418 0.425
8 36 44.098 0.15
8 37 17.371 0.369
8 38 12.477 0.323
8 39 22.52 0.397
8 40 41.368 0.134
8 41 16.065 0.778
8 42 31.515 0.061
8 43 26.869 0.237
8 44 2.666 2.063
8 45 15.206 0.078
8 46 44.543 0.465
8 47 43.835 0.436
8 48 35.704 0.397
8 49 12.695 0.565
9 10 57.419 0.309
9 11 10.683 0.115
9 12 3.692 0.331
9 13 15.75 0.809
9 14 11.634 0.169
9 15 62.364 1.162
9 16 36.397 0.428
9 17 48.218 0.042
9 18 9.425 1.696
9 19 13.004 0.103
9 20 41.025 0.332
9 21 10.416 0.029
9 22 27.231 0.39
9 23 62.912 1.137
9 24 55.397 0.204
9 25 26.956 1.158
9 26 10.588 0.019
9 27 41.171 0.092
9 28 50.252 0.06
9 29 32.872 0.308
9 30 8.982 0.11
9 31 11.658 0.334
9 32 27.61 0.434
9 33 26.767 0.276
9 34 6.7 0.293
9 35 28.05 0.049
9 36 31.12 0.221
9 37 34.665 0.317
9 38 9.727 0.651
9 39 56.324 0.834
9 40 20.378 0.139
9 41 17.942 0.367
9 42 53.274 1.91
9 43 31.745 0.462
9 44 11.647 0.073
9 45 48.576 0.007
9 46 23.963 0.089
9 47 45.118 1.873
9 48 48.454 0.158
9 49 30.762 0.171
10 11 18.713 0.336
10 12 18.496 0.11
10 13 60.613 0.379
10 14 47.852 0.718
10 15 18.775 0.376
10 16 17.359 0.407
10 17 4.687 0.484
10 18 36.597 1.367
10 19 14.798 0.039
10 20 57.597 0.034
10 21 20.494 0.166
10 22 18.624 0.016
10 23 74.047 0.247
10 24 29.435 0.708
10 25 9.253 0.651
10 26 24.785 0.263
10 27 12.888 2.634
10 28 19.639 0.125
10 29 9.189 0.451
10 30 28.978 0.113
10 31 37.554 0.023
10 32 42.153 0.548
10 33 34.173 0.277
10 34 24.139 0.758
10 35 49.658 0.382
10 36 3.924 0.149
10 37 13.49 0.111
10 38 39.81 0.159
10 39 24.419 2.172
10 40 26.994 0.272
10 41 14.258 0.223
10 42 19.16 0.237
10 43 33.046 1.755
10 44 4.042 0.546
10 45 14.895 6.788
10 46 29.666 0.254
10 47 37.862 0.097
10 48 43.036 2.469
10 49 14.215 0.06
11 12 37.165 0.336
11 13 8.513 0.456
11 14 25.257 0.464
11 15 25.83 0.073
11 16 16.074 7.472
11 17 34.732 0.022
11 18 41.526 0.695
11 19 14.632 0.076
11 20 16.432 0.233
11 21 6.936 0.5
11 22 44.948 1.571
11 23 29.707 0.052
11 24 32.562 0.337
11 25 42.422 0.619
11 26 60.998 0.242
11 27 23.322 1.793
11 28 51.629 2.263
11 29 22.787 0.191
11 30 27.586 0.557
11 31 10.73 0.35
11 32 30.073 0.407
11 33 34.573 0.042
11 34 39.66 0.214
11 35 19.521 0.018
11 36 25.085 0.137
11 37 10.468 0.265
11 38 4.011 0.579
11 39 54.463 0.231
11 40 20.899 0.335
11 41 35.159 0.368
11 42 21.068 0.495
11 43 15.664 0.018
11 44 10.219 0.303
11 45 33.33 0.819
11 46 18.34 0.471
11 47 45.197 0.036
11 48 9.185 0.12
11 49 4.959 0.348
12 13 5.229 0.36
12 14 14.874 0.46
12 15 41.088 0.618
12 16 22.167 1.827
12 17 14.573 0.425
12 18 24.441 0.051
12 19 14.126 0.006
12 20 34.017 0.36
12 21 18.586 0.749
12 22 34.995 0.163
12 23 10.793 0.099
12 24 16.858 0.123
12 25 38.443 0.243
12 26 9.436 1.851
12 27 8.096 0.51
12 28 23.274 5.951
12 29 15.583 0.381
12 30 6.095 2.372
12 31 9.345 0.223
12 32 9.712 0.507
12 33 59.451 0.173
12 34 56.001 0.129
12 35 9.939 0.467
12 36 19.88 0.064
12 37 27.446 0.113
12 38 43.281 0.772
12 39 10.071 0.402
12 40 10.989 0.212
12 41 10.079 2.287
12 42 20.697 0.274
12 43 17.859 0.121
12 44 35.747 0.113
12 45 31.377 0.489
12 46 8.073 0.367
12 47 29.855 2.259
12 48 25.948 0.462
12 49 8.862 0.98
13 14 41.608 1.87
13 15 54.117 0.598
13 16 50.543 1.136
13 17 13.755 0.605
13 18 20.34 0.495
13 19 6.805 1.54
13 20 8.16 0.3
13 21 34.58 0.163
13 22 31.909 0.554
13 23 34.388 0.407
13 24 33.349 0.226
13 25 27.307 0.002
13 26 20.049 0.347
13 27 21.307 0.184
13 28 29.135 0.622
13 29 11.665 0.118
13 30 24.297 0.293
13 31 19.15 0.115
13 32 62.798 0.571
13 33 15.231 0.093
13 34 28.33 0.355
13 35 12.228 3.652
13 36 12.596 2.84
13 37 15.893 0.34
13 38 56.53 0.141
13 39 44.641 1.05
13 40 27.964 0.512
13 41 39.418 0.369
13 42 29.401 0.329
13 43 16.112 0.133
13 44 16.605 0.632
13 45 5.503 0.352
13 46 10.258 4.054
13 47 6.164 0.072
13 48 10.356 0.221
13 49 26.048 4.693
14 15 52.392 0.038
14 16 22.718 0.007
14 17 9.127 0.244
14 18 29.354 0.29
14 19 63.664 0.359
14 20 19.055 0.309
14 21 8.435 0.574
14 22 44.722 1.475
14 23 19.891 0.421
14 24 10.331 0.356
14 25 72.367 0.427
14 26 41.974 0.595
14 27 10.374 4.774
14 28 23.761 0.089
14 29 12.148 0.066
14 30 11.573 0.915
14 31 29.781 0.622
14 32 35.25 1.392
14 33 29.481 0.406
14 34 13.366 0.359
14 35 51.366 0.352
14 36 26.745 0.1
14 37 8.094 0.611
14 38 21.278 0.131
14 39 16.037 0.061
14 40 11.429 0.199
14 41 12.463 0.019
14 42 57.488 0.335
14 43 35.048 0.022
14 44 8.415 0.008
14 45 18.545 0.498
14 46 11.38 0.382
14 47 15.486 0.634
14 48 10.115 0.476
14 49 14.084 5.592
15 16 21.84 0.177
15 17 18.955 0.993
15 18 45.777 2.517
15 19 34.924 0.267
15 20 15.447 1.801
15 21 29.328 0.44
15 22 16.897 0.426
15 23 8.297 0.523
15 24 9.088 1.159
15 25 73.264 0.412
15 26 39.696 0.433
15 27 42.995 0.482
15 28 23.759 0.242
15 29 20.049 0.152
15 30 44.587 1.193
15 31 49.65 0.099
15 32 9.532 0.6
15 33 47.759 0.118
15 34 11.864 6.247
15 35 17.943 0.407
15 36 57.434 0.2
15 37 11.4 1.982
15 38 55.292 0.295
15 39 12.735 0.6
15 40 26.867 0.915
15 41 4.813 0.988
15 42 24.837 0.412
15 43 16.294 2.369
15 44 31.521 0.209
15 45 6.954 0.149
15 46 12.016 0.091
15 47 8.443 0.249
15 48 17.82 0.908
15 49 11.889 0.191
16 17 37.488 0.342
16 18 7.628 0.073
16 19 42.067 0.378
16 20 7.789 0.321
16 21 45.926 0.45
16 22 25.996 0.558
16 23 11.823 7.223
16 24 46.745 0.264
16 25 2.526 2.32
16 26 13.239 0.66
16 27 44.598 1.336
16 28 29.582 0.753
16 29 9.382 0.14
16 30 27.382 0.846
16 31 29.41 0.01
16 32 41.978 0.242
16 33 11.035 1.505
16 34 11.487 0.073
16 35 28.561 0.068
16 36 10.567 0.235
16 37 19.044 0.012
16 38 30.525 0.228
16 39 17.425 0.226
16 40 48.4 0.326
16 41 43.91 0.057
16 42 19.138 0.013
16 43 25.089 1.771
16 44 31.804 0.229
16 45 7.147 0.392
16 46 9.674 0.247
16 47 4.684 0.017
16 48 34.92 0.812
16 49 10.734 1.698
17 18 32.929 0.803
17 19 18.268 2.201
17 20 20.686 0.728
17 21 45.725 0.631
17 22 29.807 0.682
17 23 12.963 0.023
17 24 42.241 0.498
17 25 22.376 0.249
17 26 20.754 0.11
17 27 16.264 4.429
17 28 27.135 0.012
17 29 9.668 0.627
17 30 43.422 0.964
17 31 34.915 0.687
17 32 24.077 0.157
17 33 21.151 0.629
17 34 19.665 1.486
17 35 10.418 0.084
17 36 8.351 0.854
17 37 7.57 0.439
17 38 33.766 0.572
17 39 18.015 0.027
17 40 44.018 1.329
17 41 66.487 0.329
17 42 35.199 0.253
17 43 16.155 0.059
17 44 11.38 0.385
17 45 12.795 0.154
17 46 9.733 4.897
17 47 13.48 4.394
17 48 31.935 0.251
17 49 43.583 0.092
18 19 6.182 0.442
18 20 11.541 0.118
18 21 13.199 0.157
18 22 39.055 0.578
18 23 5.483 0.09
18 24 16.45 0.056
18 25 30.739 0.01
18 26 71.042 1.085
18 27 9.772 0.176
18 28 26.997 1.538
18 29 24.079 0.236
18 30 41.777 1.797
18 31 18.629 0.196
18 32 14.973 0.062
18 33 33.39 0.258
18 34 18.59 0.366
18 35 18.523 0.408
18 36 7.182 0.477
18 37 33.128 1.272
18 38 24.795 0.011
18 39 47.282 0.073
18 40 57.362 1.269
18 41 41.636 2.252
18 42 18.139 0.739
18 43 12.772 0.058
18 44 5.156 0.294
18 45 13.169 0.631
18 46 30.912 0.26
18 47 13.444 2.252
18 48 14.402 1.111
18 49 20.518 0.279
19 20 17.853 0.647
19 21 17.374 0.616
19 22 30.997 0.914
19 23 18.476 0.591
19 24 10.412 0.705
19 25 17.302 0.104
19 26 7.847 0.59
19 27 12.789 0.224
19 28 5.841 0.101
19 29 34.411 0.273
19 30 5.759 2.831
19 31 38.594 0.567
19 32 37.902 0.213
19 33 44.706 0.02
19 34 18.118 1.672
19 35 12.658 0.518
19 36 20.652 1.161
19 37 14.694 0.4
19 38 20.327 0.14
19 39 19.218 0.232
19 40 43.333 0.265
19 41 17.809 0.165
19 42 36.315 0.005
19 43 31.948 0.043
19 44 23.057 0.694
19 45 16.469 0.007
19 46 16.665 0.189
19 47 7.149 0.098
19 48 9.202 0.135
19 49 21.865 0.705
20 21 20.367 0.279
20 22 41.164 0.293
20 23 59.716 0.079
20 24 19.443 0.018
20 25 25.692 0.058
20 26 49.779 1.312
20 27 38.956 0.147
20 28 18.148 0.031
20 29 15.636 3.353
20 30 49.284 0.52
20 31 34.227 0.324
20 32 14.414 0.388
20 33 25.459 0.397
20 34 42.485 0.038
20 35 11.418 0.353
20 36 12.823 0.403
20 37 28.0 0.147
20 38 7.473 0.122
20 39 34.805 0.477
20 40 7.268 0.61
20 41 23.124 0.539
20 42 64.555 0.232
20 43 54.827 0.96
20 44 15.775 0.475
20 45 8.161 0.194
20 46 26.879 0.041
20 47 24.447 0.024
20 48 58.04 0.297
20 49 8.645 0.016
21 22 27.901 3.377
21 23 46.5 0.041
21 24 10.174 0.102
21 25 11.503 1.686
21 26 31.717 1.617
21 27 7.165 0.291
21 28 4.903 6.956
21 29 18.335 0.512
21 30 23.39 0.299
21 31 62.193 2.077
21 32 13.388 0.362
21 33 19.273 0.301
21 34 22.044 0.328
21 35 11.201 2.206
21 36 12.233 2.44
21 37 18.877 1.872
21 38 35.474 0.002
21 39 8.239 0.125
21 40 14.844 0.265
21 41 47.433 2.711
21 42 13.722 0.739
21 43 17.404 0.472
21 44 57.167 0.232
21 45 7.243 0.161
21 46 25.348 0.333
21 47 11.767 0.637
21 48 18.131 0.22
21 49 12.313 0.999
22 23 57.064 0.211
22 24 39.494 0.01
22 25 12.199 0.756
22 26 43.362 0.415
22 27 5.937 0.113
22 28 37.955 0.029
22 29 35.859 2.24
22 30 19.221 3.292
22 31 27.456 0.135
22 32 30.39 2.12
22 33 22.745 0.216
22 34 14.608 0.273
22 35 13.147 0.989
22 36 38.021 0.402
22 37 62.08 0.347
22 38 18.169 0.617
22 39 10.575 0.666
22 40 20.615 0.867
22 41 8.771 0.113
22 42 28.031 0.01
22 43 10.379 0.296
22 44 37.503 1.293
22 45 52.173 0.764
22 46 28.447 0.344
22 47 26.061 0.562
22 48 21.48 0.404
22 49 9.071 0.5
23 24 26.549 0.015
23 25 6.673 0.524
23 26 18.167 0.409
23 27 32.715 0.539
23 28 8.944 1.798
23 29 30.489 0.6
23 30 12.781 0.653
23 31 60.209 0.161
23 32 10.735 4.028
23 33 13.747 0.007
23 34 15.27 3.805
23 35 5.754 0.18
23 36 29.185 0.365
23 37 55.793 0.038
23 38 10.061 0.148
23 39 17.095 1.091
23 40 25.332 0.587
23 41 31.472 0.001
23 42 24.471 0.713
23 43 23.213 0.007
23 44 43.915 0.448
23 45 17.406 2.0
23 46 8.27 0.091
23 47 40.628 0.651
23 48 13.763 0.547
23 49 59.472 2.585
24 25 5.241 1.004
24 26 48.619 0.789
24 27 33.956 0.837
24 28 25.536 0.067
24 29 10.365 1.824
24 30 45.371 0.234
24 31 34.416 1.327
24 32 17.689 0.266
24 33 10.886 0.018
24 34 15.887 3.018
24 35 26.634 1.058
24 36 8.661 0.575
24 37 33.046 0.432
24 38 18.215 0.479
24 39 8.153 2.862
24 40 11.954 0.171
24 41 39.954 2.474
24 42 19.103 0.377
24 43 25.184 0.231
24 44 42.337 0.035
24 45 11.1 0.3
24 46 8.155 0.282
24 47 15.281 0.446
24 48 14.658 0.669
24 49 19.019 4.953
25 26 32.139 3.577
25 27 5.624 1.893
25 28 5.924 0.833
25 29 4.144 2.729
25 30 49.045 0.589
25 31 47.958 0.166
25 32 24.54 0.363
25 33 66.302 1.52
25 34 32.528 0.159
25 35 9.165 0.071
25 36 58.853 0.081
25 37 44.634 1.351
25 38 14.259 0.104
25 39 36.06 0.024
25 40 59.586 0.265
25 41 11.927 7.122
25 42 18.98 0.305
25 43 39.33 0.131
25 44 28.383 2.448
25 45 31.184 0.215
25 46 3.47 0.081
25 47 52.766 0.453
25 48 50.94 1.878
25 49 63.001 0.505
26 27 40.163 2.327
26 28 40.92 0.094
26 29 31.825 0.099
26 30 30.632 0.032
26 31 19.952 0.152
26 32 34.833 0.193
26 33 10.322 0.312
26 34 22.734 0.127
26 35 57.003 2.674
26 36 24.095 2.529
26 37 20.474 0.475
26 38 14.064 0.009
26 39 22.837 0.699
26 40 47.902 0.131
26 41 16.766 0.459
26 42 7.205 0.957
26 43 22.529 0.13
26 44 15.727 0.006
26 45 27.104 2.3
26 46 16.013 2.598
26 47 12.624 0.925
26 48 50.564 0.244
26 49 4.168 0.079
27 28 15.074 0.007
27 29 31.717 0.039
27 30 70.487 0.383
27 31 24.391 0.457
27 32 5.055 0.068
27 33 16.686 0.957
27 34 8.684 1.715
27 35 4.441 0.818
27 36 18.312 0.142
27 37 30.968 5.071
27 38 11.788 0.95
27 39 69.407 1.951
27 40 19.693 0.53
27 41 41.553 0.397
27 42 16.015 0.332
27 43 19.805 0.434
27 44 10.028 0.53
27 45 49.898 0.781
27 46 28.898 0.006
27 47 13.137 0.56
27 48 15.52 0.053
27 49 13.833 0.639
28 29 57.428 0.835
28 30 14.099 0.359
28 31 30.225 2.685
28 32 45.7 0.067
28 33 19.61 0.242
28 34 21.306 0.477
28 35 39.537 0.374
28 36 11.308 0.487
28 37 25.954 0.465
28 38 31.238 0.382
28 39 43.236 0.14
28 40 8.558 0.104
28 41 40.663 0.067
28 42 30.794 0.128
28 43 28.411 0.17
28 44 24.872 0.288
28 45 6.876 0.39
28 46 7.633 0.348
28 47 28.828 4.276
28 48 15.831 2.435
28 49 10.825 0.489
29 30 9.316 0.446
29 31 18.12 0.142
29 32 48.928 0.21
29 33 7.81 0.215
29 34 13.831 1.492
29 35 10.461 0.376
29 36 18.932 0.054
29 37 21.14 0.199
29 38 13.914 0.142
29 39 31.371 0.368
29 40 4.981 3.269
29 41 35.427 0.388
29 42 22.298 0.513
29 43 51.314 1.901
29 44 14.752 0.015
29 45 33.758 2.825
29 46 37.61 0.332
29 47 10.054 1.011
29 48 65.506 0.582
29 49 59.291 2.293
30 31 43.6 0.677
30 32 24.164 0.189
30 33 13.929 0.084
30 34 33.085 0.421
30 35 29.061 1.043
30 36 19.617 0.038
30 37 10.434 1.628
30 38 43.044 0.555
30 39 16.05 0.521
30 40 25.417 0.286
30 41 36.692 0.783
30 42 30.846 0.375
30 43 11.762 0.474
30 44 13.099 0.952
30 45 28.27 0.41
30 46 31.837 0.86
30 47 23.376 0.31
30 48 20.685 0.366
30 49 28.957 0.007
31 32 10.919 0.308
31 33 21.728 0.066
31 34 10.051 0.013
31 35 12.593 0.672
31 36 44.28 0.001
31 37 35.162 1.92
31 38 41.216 0.231
31 39 39.937 0.267
31 40 24.622 0.129
31 41 49.278 0.449
31 42 27.816 0.415
31 43 22.061 0.021
31 44 10.647 0.247
31 45 8.604 0.406
31 46 35.481 0.687
31 47 25.238 1.468
31 48 17.193 0.363
31 49 16.231 0.359
32 33 16.656 1.094
32 34 27.732 0.013
32 35 17.317 0.067
32 36 17.742 0.734
32 37 20.748 0.125
32 38 57.692 0.599
32 39 10.847 2.5
32 40 11.883 0.395
32 41 65.131 0.046
32 42 31.27 0.197
32 43 8.729 0.095
32 44 32.407 0.066
32 45 8.956 0.158
32 46 10.35 0.119
32 47 7.676 0.138
32 48 11.43 0.372
32 49 49.891 0.161
33 34 4.261 2.704
33 35 16.536 4.09
33 36 18.511 0.123
33 37 19.387 0.512
33 38 14.462 1.498
33 39 28.092 0.112
33 40 51.141 0.084
33 41 28.905 0.08
33 42 36.691 0.191
33 43 40.003 0.228
33 44 6.658 0.453
33 45 21.061 0.049
33 46 31.867 0.468
33 47 4.298 0.142
33 48 22.382 0.924
33 49 47.878 0.006
34 35 34.133 1.128
34 36 22.659 0.329
34 37 6.55 4.148
34 38 7.89 0.147
34 39 33.837 2.265
34 40 10.643 0.196
34 41 15.526 4.021
34 42 9.146 0.14
34 43 40.881 3.957
34 44 7.627 0.076
34 45 27.793 0.042
34 46 7.123 0.139
34 47 28.65 0.253
34 48 15.169 0.334
34 49 31.26 0.483
35 36 13.561 0.565
35 37 36.777 0.665
35 38 12.248 0.45
35 39 27.487 0.921
35 40 20.966 2.67
35 41 5.433 0.276
35 42 11.692 0.161
35 43 7.987 0.474
35 44 38.473 0.229
35 45 16.206 0.167
35 46 15.554 0.302
35 47 17.941 0.955
35 48 33.833 1.64
35 49 5.272 0.019
36 37 10.879 0.446
36 38 17.771 0.238
36 39 26.261 0.051
36 40 26.227 4.37
36 41 21.245 1.393
36 42 43.92 0.044
36 43 34.902 0.396
36 44 16.263 0.707
36 45 20.859 0.381
36 46 16.149 1.67
36 47 28.078 0.051
36 48 28.563 0.101
36 49 52.23 0.006
37 38 7.148 2.218
37 39 20.36 0.026
37 40 19.468 0.488
37 41 12.969 0.654
37 42 17.472 0.548
37 43 13.107 0.436
37 44 40.675 0.335
37 45 21.46 0.295
37 46 29.18 0.169
37 47 43.507 2.728
37 48 25.718 0.411
37 49 38.02 0.142
38 39 18.671 0.013
38 40 10.429 0.791
38 41 69.696 0.265
38 42 24.128 0.711
38 43 4.71 0.262
38 44 4.676 0.442
38 45 10.565 2.786
38 46 10.881 0.02
38 47 42.161 0.066
38 48 47.483 1.254
38 49 25.555 4.118
39 40 38.143 1.457
39 41 29.764 0.634
39 42 52.614 0.931
39 43 22.605 0.542
39 44 18.825 3.81
39 45 56.116 0.398
39 46 19.024 0.035
39 47 13.602 0.612
39 48 15.242 0.462
39 49 41.884 0.407
40 41 5.881 0.723
40 42 7.331 2.139
40 43 4.685 0.897
40 44 35.669 0.307
40 45 24.052 0.236
40 46 9.62 0.872
40 47 26.178 0.302
40 48 9.677 0.899
40 49 21.679 2.939
41 42 33.743 0.086
41 43 41.259 0.455
41 44 39.252 0.053
41 45 5.294 0.021
41 46 46.849 0.037
41 47 11.731 0.389
41 48 25.919 0.331
41 49 13.432 0.521
42 43 24.908 0.069
42 44 24.216 0.266
42 45 20.569 0.661
42 46 28.073 1.62
42 47 56.157 0.104
42 48 45.887 0.333
42 49 40.823 3.37
43 44 27.986 0.017
43 45 25.008 0.133
43 46 27.247 0.153
43 47 19.759 1.391
43 48 56.271 0.404
43 49 51.088 0.496
44 45 6.918 0.771
44 46 23.13 5.839
44 47 41.201 0.306
44 48 16.471 0.456
44 49 43.197 0.919
45 46 7.946 0.401
45 47 31.489 1.441
45 48 10.88 0.311
45 49 34.199 0.078
46 47 18.144 0.039
46 48 28.709 0.233
46 49 22.721 0.272
47 48 18.225 0.522
47 49 23.826 0.125
48 49 19.491 0.539
