20
98.546
0 1 8.0 0.125
0 2 3.0 0.333
0 3 9.0 0.111
0 4 8.0 1.125
0 5 6.0 0.167
0 6 8.0 1.125
0 7 8.0 1.125
0 8 7.0 0.143
0 9 8.0 1.125
0 10 0.91 0.552
0 11 0.21 1.57
0 12 0.15 3.64
0 13 0.96 2.145
0 14 0.49 0.375
0 15 0.45 2.6
0 16 0.52 2.61
0 17 0.09 2.525
0 18 0.14 3.73
0 19 0.4 0.425
1 2 7.0 1.143
1 3 6.0 1.167
1 4 8.0 1.125
1 5 7.0 0.143
1 6 8.0 1.125
1 7 8.0 1.125
1 8 8.0 1.125
1 9 8.0 1.125
1 10 0.7 0.062
1 11 0.68 3.39
1 12 0.45 0.595
1 13 0.84 2.22
1 14 0.81 0.985
1 15 0.55 1.8
1 16 1.0 3.57
1 17 0.12 2.47
1 18 0.8 1.755
1 19 0.89 3.625
2 3 8.0 2.125
2 4 9.0 1.111
2 5 9.0 1.111
2 6 8.0 2.125
2 7 6.0 2.167
2 8 5.0 3.2
2 9 8.0 0.125
2 10 0.47 0.922
2 11 0.95 2.12
2 12 0.33 0.405
2 13 0.15 1.29
2 14 0.94 1.24
2 15 0.18 3.855
2 16 0.47 3.595
2 17 0.65 2.565
2 18 0.74 1.395
2 19 0.51 0.3
3 4 6.0 4.167
3 5 8.0 2.125
3 6 9.0 1.111
3 7 8.0 1.125
3 8 8.0 2.125
3 9 7.0 0.143
3 10 0.43 0.969
3 11 0.61 4.92
3 12 0.94 2.235
3 13 0.88 4.91
3 14 0.5 3.86
3 15 0.89 3.86
3 16 0.23 1.615
3 17 0.81 1.715
3 18 0.84 2.695
3 19 0.53 4.34
4 5 8.0 2.125
4 6 9.0 1.111
4 7 9.0 1.111
4 8 5.0 1.2
4 9 8.0 2.125
4 10 0.38 0.456
4 11 0.95 3.265
4 12 0.03 2.64
4 13 0.54 1.155
4 14 0.23 2.72
4 15 0.32 4.955
4 16 0.92 2.33
4 17 0.17 1.71
4 18 0.4 3.62
4 19 0.83 2.22
5 6 9.0 1.111
5 7 8.0 0.125
5 8 7.0 0.143
5 9 8.0 1.125
5 10 0.76 0.847
5 11 0.57 3.405
5 12 0.54 2.705
5 13 0.14 0.15
5 14 0.51 3.04
5 15 0.3 1.66
5 16 0.7 1.18
5 17 0.87 3.37
5 18 0.71 3.11
5 19 0.09 3.285
6 7 6.0 1.167
6 8 8.0 0.125
6 9 9.0 1.111
6 10 0.13 0.234
6 11 0.22 4.985
6 12 0.32 3.91
6 13 0.15 0.675
6 14 0.11 2.495
6 15 0.23 4.48
6 16 0.92 3.475
6 17 0.67 3.905
6 18 0.85 2.77
6 19 0.0 4.875
7 8 6.0 0.167
7 9 7.0 0.143
7 10 0.12 0.382
7 11 0.5 0.485
7 12 0.49 4.955
7 13 0.24 2.175
7 14 0.63 0.865
7 15 0.3 3.11
7 16 0.7 4.17
7 17 0.8 0.455
7 18 0.36 3.95
7 19 0.64 4.83
8 9 6.0 0.167
8 10 0.04 0.926
8 11 0.16 1.505
8 12 0.51 2.155
8 13 0.43 4.245
8 14 0.3 3.495
8 15 0.33 1.5
8 16 0.34 2.575
8 17 0.86 1.26
8 18 0.52 4.1
8 19 0.34 3.02
9 10 0.75 0.875
9 11 0.05 4.905
9 12 0.57 2.455
9 13 0.87 1.01
9 14 0.87 2.115
9 15 0.9 2.61
9 16 0.47 0.355
9 17 0.75 2.125
9 18 0.21 3.315
9 19 0.9 2.9
10 11 98.0 0.125
10 12 93.0 0.333
10 13 99.0 0.111
10 14 98.0 1.125
10 15 96.0 0.167
10 16 98.0 1.125
10 17 98.0 1.125
10 18 97.0 0.143
10 19 98.0 1.125
11 12 97.0 1.143
11 13 96.0 1.167
11 14 98.0 1.125
11 15 97.0 0.143
11 16 98.0 1.125
11 17 98.0 1.125
11 18 98.0 1.125
11 19 98.0 1.125
12 13 98.0 2.125
12 14 99.0 1.111
12 15 99.0 1.111
12 16 98.0 2.125
12 17 96.0 2.167
12 18 95.0 3.2
12 19 98.0 0.125
13 14 96.0 4.167
13 15 98.0 2.125
13 16 99.0 1.111
13 17 98.0 1.125
13 18 98.0 2.125
13 19 97.0 0.143
14 15 98.0 2.125
14 16 99.0 1.111
14 17 99.0 1.111
14 18 95.0 1.2
14 19 98.0 2.125
15 16 99.0 1.111
15 17 98.0 0.125
15 18 97.0 0.143
15 19 98.0 1.125
16 17 96.0 1.167
16 18 98.0 0.125
16 19 99.0 1.111
17 18 96.0 0.167
17 19 97.0 0.143
18 19 96.0 0.167
