20
99.9
0 1 19.986 0.778
0 2 14.494 2.365
0 3 56.905 0.659
0 4 24.35 1.061
0 5 40.285 4.105
0 6 29.807 2.984
0 7 42.28 3.491
0 8 35.92 3.414
0 9 55.149 8.936
0 10 62.259 3.137
0 11 21.704 0.576
0 12 6.853 11.827
0 13 37.221 13.192
0 14 4.566 2.714
0 15 24.36 2.925
0 16 27.682 8.601
0 17 40.616 2.641
0 18 29.082 0.662
0 19 16.82 3.939
1 2 30.152 4.758
1 3 57.7 0.587
1 4 31.478 7.02
1 5 32.681 6.004
1 6 16.766 2.475
1 7 8.7 4.112
1 8 23.883 5.387
1 9 42.205 2.083
1 10 39.81 2.117
1 11 24.15 0.38
1 12 61.344 10.04
1 13 60.786 0.619
1 14 69.642 2.068
1 15 25.063 1.266
1 16 31.241 2.611
1 17 45.19 2.376
1 18 25.935 0.796
1 19 65.218 1.762
2 3 10.979 4.068
2 4 33.841 3.336
2 5 28.783 1.118
2 6 22.41 2.136
2 7 24.433 3.381
2 8 53.908 1.598
2 9 14.857 1.812
2 10 36.071 0.576
2 11 37.49 4.444
2 12 45.235 6.919
2 13 14.772 2.158
2 14 24.986 1.805
2 15 44.914 4.534
2 16 8.497 2.211
2 17 35.715 10.001
2 18 23.161 1.013
2 19 32.25 0.627
3 4 24.037 4.664
3 5 27.215 3.431
3 6 16.763 6.056
3 7 18.085 0.335
3 8 25.973 3.513
3 9 41.951 5.836
3 10 46.61 2.347
3 11 8.016 1.287
3 12 35.13 1.278
3 13 21.346 8.786
3 14 29.769 4.311
3 15 12.597 11.008
3 16 39.68 3.471
3 17 14.005 1.671
3 18 12.445 3.347
3 19 25.407 5.044
4 5 16.151 0.444
4 6 9.93 3.879
4 7 37.619 0.485
4 8 27.425 3.567
4 9 9.452 11.137
4 10 51.432 9.085
4 11 45.578 10.645
4 12 36.285 0.174
4 13 26.084 0.569
4 14 15.866 3.804
4 15 70.158 8.02
4 16 17.457 0.616
4 17 11.013 0.571
4 18 6.336 2.528
4 19 13.664 7.351
5 6 22.973 3.748
5 7 57.84 0.595
5 8 26.983 3.263
5 9 25.578 6.515
5 10 13.391 3.414
5 11 16.118 0.331
5 12 44.542 0.367
5 13 26.272 3.721
5 14 67.623 0.511
5 15 3.172 2.231
5 16 46.593 3.131
5 17 2.142 1.754
5 18 62.01 2.211
5 19 68.376 0.349
6 7 10.468 3.687
6 8 23.137 0.745
6 9 23.889 3.251
6 10 10.526 1.401
6 11 25.218 1.999
6 12 63.309 1.262
6 13 11.169 11.187
6 14 13.356 3.998
6 15 20.967 6.665
6 16 54.254 0.367
6 17 16.732 1.861
6 18 52.666 1.991
6 19 15.908 0.443
7 8 20.93 1.362
7 9 15.451 1.3
7 10 25.21 1.22
7 11 12.714 1.974
7 12 19.129 6.79
7 13 11.541 3.793
7 14 43.198 4.557
7 15 57.228 11.474
7 16 8.972 2.732
7 17 38.336 8.265
7 18 6.064 2.755
7 19 11.974 2.282
8 9 16.793 10.63
8 10 22.742 0.332
8 11 53.704 2.954
8 12 43.588 8.072
8 13 43.778 12.114
8 14 35.817 6.738
8 15 52.751 0.996
8 16 20.938 3.349
8 17 9.972 3.655
8 18 26.136 0.342
8 19 34.113 6.832
9 10 56.274 2.388
9 11 31.703 8.049
9 12 17.231 3.276
9 13 8.718 2.459
9 14 6.905 2.27
9 15 14.659 0.421
9 16 15.453 5.734
9 17 18.012 1.614
9 18 39.722 1.379
9 19 8.936 2.364
10 11 17.624 10.911
10 12 11.655 6.875
10 13 56.971 0.502
10 14 13.272 2.592
10 15 52.07 4.473
10 16 56.831 1.665
10 17 70.22 2.883
10 18 32.543 1.313
10 19 16.229 1.439
11 12 32.427 2.593
11 13 57.614 0.308
11 14 9.283 2.464
11 15 14.519 7.521
11 16 24.349 0.4
11 17 14.813 8.06
11 18 15.917 6.338
11 19 12.834 8.308
12 13 58.922 3.555
12 14 4.924 1.718
12 15 21.6 5.517
12 16 9.487 5.038
12 17 39.209 3.823
12 18 21.04 14.544
12 19 19.357 3.296
13 14 3.908 1.328
13 15 29.501 0.168
13 16 19.041 0.5
13 17 38.69 0.384
13 18 14.129 2.091
13 19 26.137 4.452
14 15 27.859 5.329
14 16 44.746 0.157
14 17 34.311 2.507
14 18 12.542 0.39
14 19 62.705 1.098
15 16 29.294 2.217
15 17 15.098 0.284
15 18 52.727 2.476
15 19 18.538 3.422
16 17 25.929 0.34
16 18 28.279 3.695
16 19 20.852 2.284
17 18 72.008 1.102
17 19 31.81 0.499
18 19 3.389 1.73
