20
80
0 1 9.0 1.294
0 2 6.0 0.414
0 3 8.0 8.0
0 4 7.0 2.576
0 5 4.0 1.825
0 6 5.0 1.44
0 7 6.0 3.111
0 8 7.0 1.113
0 9 10.0 3.03
0 10 8.0 0.128
0 11 2.0 0.88
0 12 10.0 1.318
0 13 4.0 1.298
0 14 8.0 0.134
0 15 7.0 0.189
0 16 8.0 0.862
0 17 10.0 1.126
0 18 9.0 8.0
0 19 9.0 0.725
1 2 4.0 1.038
1 3 6.0 4.598
1 4 7.0 3.317
1 5 6.0 1.463
1 6 3.0 0.096
1 7 2.0 2.491
1 8 7.0 1.702
1 9 4.0 0.732
1 10 3.0 0.71
1 11 6.0 0.041
1 12 10.0 3.597
1 13 6.0 0.916
1 14 7.0 8.0
1 15 7.0 0.575
1 16 6.0 0.136
1 17 3.0 2.386
1 18 6.0 1.431
1 19 4.0 8.0
2 3 9.0 6.228
2 4 7.0 2.081
2 5 6.0 0.972
2 6 10.0 0.155
2 7 7.0 1.143
2 8 10.0 0.119
2 9 10.0 0.02
2 10 4.0 2.841
2 11 8.0 2.632
2 12 7.0 1.872
2 13 3.0 1.061
2 14 5.0 0.265
2 15 9.0 0.991
2 16 10.0 3.064
2 17 3.0 3.823
2 18 10.0 1.3
2 19 5.0 3.106
3 4 8.0 1.034
3 5 10.0 1.553
3 6 9.0 3.263
3 7 9.0 1.008
3 8 9.0 0.563
3 9 7.0 0.971
3 10 6.0 0.324
3 11 4.0 2.45
3 12 7.0 1.07
3 13 9.0 0.456
3 14 10.0 2.587
3 15 3.0 1.511
3 16 9.0 2.231
3 17 5.0 1.521
3 18 9.0 8.0
3 19 8.0 1.38
4 5 5.0 0.711
4 6 6.0 0.812
4 7 8.0 0.079
4 8 7.0 0.464
4 9 2.0 0.258
4 10 5.0 0.288
4 11 2.0 2.6
4 12 10.0 1.613
4 13 7.0 8.0
4 14 8.0 0.685
4 15 4.0 2.85
4 16 2.0 8.0
4 17 10.0 0.792
4 18 2.0 2.374
4 19 9.0 2.575
5 6 8.0 0.095
5 7 4.0 0.249
5 8 7.0 0.427
5 9 7.0 0.815
5 10 8.0 0.911
5 11 10.0 1.077
5 12 7.0 2.716
5 13 10.0 0.892
5 14 8.0 0.04
5 15 3.0 1.661
5 16 9.0 1.432
5 17 4.0 0.923
5 18 3.0 0.061
5 19 4.0 1.762
6 7 6.0 0.042
6 8 5.0 8.0
6 9 3.0 0.113
6 10 9.0 0.237
6 11 4.0 2.835
6 12 4.0 1.126
6 13 3.0 1.4
6 14 7.0 2.031
6 15 6.0 0.664
6 16 10.0 3.961
6 17 10.0 0.677
6 18 9.0 1.688
6 19 8.0 0.173
7 8 4.0 1.024
7 9 7.0 2.364
7 10 2.0 1.938
7 11 10.0 0.828
7 12 7.0 8.0
7 13 9.0 0.077
7 14 3.0 0.369
7 15 10.0 2.788
7 16 6.0 0.86
7 17 6.0 0.193
7 18 9.0 2.349
7 19 3.0 1.141
8 9 5.0 0.101
8 10 8.0 4.523
8 11 6.0 8.0
8 12 10.0 2.997
8 13 9.0 0.921
8 14 2.0 0.775
8 15 2.0 0.599
8 16 3.0 1.18
8 17 4.0 3.208
8 18 8.0 0.441
8 19 10.0 1.323
9 10 5.0 0.764
9 11 2.0 2.122
9 12 9.0 0.717
9 13 3.0 0.77
9 14 8.0 0.914
9 15 8.0 4.126
9 16 5.0 8.0
9 17 7.0 0.157
9 18 8.0 2.734
9 19 8.0 4.469
10 11 10.0 2.656
10 12 9.0 0.982
10 13 7.0 0.402
10 14 7.0 3.14
10 15 7.0 0.437
10 16 7.0 0.444
10 17 8.0 2.592
10 18 10.0 1.883
10 19 8.0 2.439
11 12 6.0 1.427
11 13 8.0 1.756
11 14 3.0 1.903
11 15 5.0 0.686
11 16 7.0 2.773
11 17 8.0 2.824
11 18 10.0 0.154
11 19 7.0 1.188
12 13 8.0 1.01
12 14 6.0 0.719
12 15 3.0 3.172
12 16 5.0 0.889
12 17 9.0 0.867
12 18 7.0 0.086
12 19 3.0 0.227
13 14 6.0 1.754
13 15 6.0 0.756
13 16 3.0 1.369
13 17 8.0 3.638
13 18 9.0 0.366
13 19 10.0 0.792
14 15 6.0 0.434
14 16 9.0 2.797
14 17 6.0 1.424
14 18 7.0 0.24
14 19 10.0 0.286
15 16 3.0 1.348
15 17 4.0 4.264
15 18 9.0 2.175
15 19 6.0 1.042
16 17 2.0 0.929
16 18 7.0 0.626
16 19 9.0 0.678
17 18 7.0 8.0
17 19 10.0 1.702
18 19 2.0 1.523
