20
99.999
0 1 70.194 0.522
0 2 73.401 1.066
0 3 38.771 0.636
0 4 48.935 0.528
0 5 52.48 0.0
0 6 83.339 5.119
0 7 39.819 3.891
0 8 46.963 17.812
0 9 52.48 2.701
0 10 64.889 0.555
0 11 49.647 0.514
0 12 29.09 0.81
0 13 69.71 1.35
0 14 49.392 0.993
0 15 88.435 0.484
0 16 64.486 3.219
0 17 42.188 16.9
0 18 78.671 1.278
0 19 82.512 0.528
1 2 68.631 1.738
1 3 74.968 0.496
1 4 69.155 1.93
1 5 33.232 1.034
1 6 60.302 0.928
1 7 73.189 0.0
1 8 81.941 4.784
1 9 53.11 2.529
1 10 54.867 1.116
1 11 41.532 1.006
1 12 83.469 0.439
1 13 67.799 1.738
1 14 59.757 0.988
1 15 55.285 14.667
1 16 65.099 0.463
1 17 44.42 0.913
1 18 65.618 0.444
1 19 58.975 0.496
2 3 45.644 15.284
2 4 80.8 5.13
2 5 73.85 1.267
2 6 59.126 0.0
2 7 61.425 1.474
2 8 79.055 0.417
2 9 40.504 1.009
2 10 38.692 0.451
2 11 69.696 0.395
2 12 62.069 1.154
2 13 38.233 4.169
2 14 81.655 0.497
2 15 39.061 0.358
2 16 44.7 17.099
2 17 57.487 1.158
2 18 45.792 5.496
2 19 72.887 0.24
3 4 42.951 6.091
3 5 63.345 3.431
3 6 48.489 0.611
3 7 37.077 24.342
3 8 72.606 1.613
3 9 66.9 0.258
3 10 65.519 1.284
3 11 72.336 0.407
3 12 34.964 6.994
3 13 42.585 1.182
3 14 41.989 0.958
3 15 50.531 0.806
3 16 70.869 0.565
3 17 43.066 1.032
3 18 50.886 0.588
3 19 54.933 0.868
4 5 40.016 0.551
4 6 31.731 4.396
4 7 52.115 0.461
4 8 60.171 0.587
4 9 37.054 17.732
4 10 41.444 19.999
4 11 33.762 0.674
4 12 47.924 14.856
4 13 57.656 15.902
4 14 63.889 0.485
4 15 32.99 0.333
4 16 41.633 0.624
4 17 63.609 0.446
4 18 45.124 14.503
4 19 78.376 0.517
5 6 41.482 13.639
5 7 59.688 3.97
5 8 47.141 0.99
5 9 81.174 1.401
5 10 45.173 2.899
5 11 61.588 1.437
5 12 34.826 1.096
5 13 38.453 0.359
5 14 40.036 16.472
5 15 60.604 1.621
5 16 42.342 22.693
5 17 62.746 0.534
5 18 49.864 0.457
5 19 61.728 0.252
6 7 73.471 0.379
6 8 35.312 1.328
6 9 67.035 0.878
6 10 68.659 0.0
6 11 48.219 1.746
6 12 88.086 5.189
6 13 39.877 1.109
6 14 56.237 1.781
6 15 64.591 1.638
6 16 36.411 0.971
6 17 52.678 16.79
6 18 36.256 0.958
6 19 78.504 1.542
7 8 32.354 1.048
7 9 55.88 1.544
7 10 67.809 0.241
7 11 71.881 1.134
7 12 56.467 0.451
7 13 41.05 0.604
7 14 63.177 1.078
7 15 69.073 0.886
7 16 53.084 1.075
7 17 34.252 0.761
7 18 70.926 1.619
7 19 62.836 0.968
8 9 48.797 0.867
8 10 59.112 1.375
8 11 73.522 1.522
8 12 55.104 0.546
8 13 37.407 0.449
8 14 74.256 0.538
8 15 52.056 2.818
8 16 49.265 0.688
8 17 63.383 2.613
8 18 59.021 0.971
8 19 62.053 1.573
9 10 39.933 1.281
9 11 78.491 0.457
9 12 58.853 1.475
9 13 59.087 1.15
9 14 74.268 1.478
9 15 28.989 1.011
9 16 60.594 1.25
9 17 54.299 2.499
9 18 70.182 0.423
9 19 78.895 1.506
10 11 62.775 1.575
10 12 34.936 0.828
10 13 73.239 1.722
10 14 51.672 0.895
10 15 61.158 0.538
10 16 46.507 0.998
10 17 49.981 1.049
10 18 49.776 2.86
10 19 65.761 5.58
11 12 45.772 5.852
11 13 54.272 0.692
11 14 33.775 6.323
11 15 75.542 2.07
11 16 61.297 1.522
11 17 47.572 0.931
11 18 57.936 1.432
11 19 44.739 14.932
12 13 30.548 0.397
12 14 66.998 0.896
12 15 56.845 1.341
12 16 54.064 15.042
12 17 73.1 0.537
12 18 52.318 3.099
12 19 64.747 3.927
13 14 45.837 0.68
13 15 56.083 0.918
13 16 68.123 1.808
13 17 70.758 1.715
13 18 37.03 6.992
13 19 38.087 0.819
14 15 43.241 1.036
14 16 61.813 4.061
14 17 68.163 3.674
14 18 67.131 0.246
14 19 67.031 1.98
15 16 53.618 1.202
15 17 40.314 1.233
15 18 48.419 14.144
15 19 57.46 1.038
16 17 61.664 1.07
16 18 38.741 4.2
16 19 40.582 1.176
17 18 62.731 0.402
17 19 63.261 0.469
18 19 39.982 0.402
