10
34.917
0 1 8.0 2.125
0 2 3.0 7.333
0 3 9.0 1.111
0 4 8.0 2.125
0 5 6.0 4.167
0 6 8.0 2.0
0 7 8.0 2.125
0 8 7.0 3.143
0 9 8.0 2.125
1 2 7.0 3.143
1 3 6.0 4.167
1 4 8.0 2.125
1 5 7.0 3.143
1 6 8.0 2.125
1 7 8.0 1.97
1 8 8.0 2.125
1 9 8.0 2.125
2 3 8.0 2.2
2 4 9.0 1.111
2 5 9.0 1.0
2 6 8.0 2.125
2 7 6.0 4.167
2 8 5.0 5.2
2 9 8.0 2.125
3 4 6.0 4.167
3 5 8.0 2.125
3 6 9.0 1.111
3 7 8.0 2.125
3 8 8.0 2.125
3 9 7.0 3.143
4 5 8.0 2.125
4 6 9.0 0.98
4 7 9.0 1.111
4 8 5.0 5.2
4 9 8.0 2.125
5 6 9.0 1.111
5 7 8.0 2.125
5 8 7.0 3.143
5 9 8.0 2.2
6 7 6.0 4.167
6 8 8.0 2.125
6 9 9.0 1.111
7 8 6.0 4.167
7 9 7.0 3.143
8 9 6.0 3.27
