10
99
0 1 15.0 0.66
0 2 4.0 4.154
0 3 16.0 8.984
0 4 4.0 2.596
0 5 19.0 18.243
0 6 5.0 17.576
0 7 15.0 19.979
0 8 5.0 11.513
0 9 6.0 18.242
1 2 6.0 0.692
1 3 9.0 15.873
1 4 2.0 5.672
1 5 16.0 12.1
1 6 9.0 9.449
1 7 15.0 8.49
1 8 8.0 13.284
1 9 8.0 11.542
2 3 19.0 8.442
2 4 2.0 2.403
2 5 4.0 2.447
2 6 13.0 16.119
2 7 6.0 0.435
2 8 6.0 7.775
2 9 19.0 7.117
3 4 6.0 12.285
3 5 5.0 16.376
3 6 3.0 5.187
3 7 18.0 8.098
3 8 5.0 0.798
3 9 6.0 13.83
4 5 3.0 18.899
4 6 6.0 11.562
4 7 18.0 9.515
4 8 2.0 5.547
4 9 8.0 18.65
5 6 6.0 11.837
5 7 2.0 18.402
5 8 3.0 9.088
5 9 8.0 10.412
6 7 7.0 10.5
6 8 2.0 16.003
6 9 16.0 0.865
7 8 16.0 5.772
7 9 15.0 9.145
8 9 4.0 9.649
