10
50
0 1 23.796 54.423
0 2 36.996 60.392
0 3 62.572 6.553
0 4 1.317 83.747
0 5 25.935 23.433
0 6 99.564 47.026
0 7 83.646 47.635
0 8 63.907 15.062
0 9 63.486 86.805
1 2 52.318 74.125
1 3 67.141 6.403
1 4 75.823 59.11
1 5 30.127 3.101
1 6 86.553 47.275
1 7 71.882 87.881
1 8 71.413 92.11
1 9 39.496 80.091
2 3 44.462 93.559
2 4 87.887 9.745
2 5 13.597 21.699
2 6 96.548 43.616
2 7 62.665 30.103
2 8 50.724 38.587
2 9 35.091 58.507
3 4 58.425 90.42
3 5 68.198 92.895
3 6 85.64 99.099
3 7 67.127 16.31
3 8 86.064 96.463
3 9 90.47 56.911
4 5 71.382 21.112
4 6 83.161 57.353
4 7 28.496 6.346
4 8 85.394 98.981
4 9 8.852 80.06
5 6 41.046 15.077
5 7 29.389 76.879
5 8 87.277 4.419
5 9 61.453 4.494
6 7 71.844 33.095
6 8 88.091 98.064
6 9 50.542 99.851
7 8 30.967 7.697
7 9 59.976 3.138
8 9 19.738 40.794
